32 32
0 0 1
0 1 6
0 2 -6
0 3 3
0 4 -4
0 5 1
0 7 -3
0 8 -7
0 9 6
0 10 8
0 11 -1
0 12 9
0 13 10
0 14 -1
0 15 9
0 16 10
0 17 -8
0 18 -8
0 19 -4
0 20 9
0 21 9
0 22 5
0 25 -8
0 26 2
0 27 -3
0 28 -9
0 29 -2
0 30 -5
0 31 -1
1 0 -6
1 1 8
1 2 4
1 3 9
1 4 -2
1 5 -7
1 6 6
1 7 -8
1 8 -1
1 9 6
1 10 -2
1 11 8
1 12 -6
1 13 -4
1 14 4
1 15 4
1 16 -1
1 17 7
1 18 -3
1 19 5
1 20 -6
1 22 -1
1 23 10
1 24 -8
1 25 -9
1 28 -2
1 29 8
1 30 -1
1 31 -8
2 0 10
2 1 1
2 2 7
2 3 8
2 4 -10
2 5 7
2 6 -7
2 7 1
2 8 -5
2 9 2
2 10 7
2 11 3
2 12 -3
2 13 -6
2 15 10
2 16 6
2 17 -3
2 18 10
2 19 -8
2 20 -9
2 21 -3
2 22 9
2 23 5
2 24 -2
2 25 8
2 26 -4
2 27 -2
2 28 -7
2 29 -5
2 30 -4
2 31 -1
3 0 -7
3 1 -7
3 2 -4
3 3 -8
3 4 -1
3 5 -5
3 6 -7
3 7 -6
3 8 2
3 9 4
3 10 9
3 11 3
3 12 5
3 13 -6
3 14 2
3 15 -9
3 16 2
3 17 -1
3 18 9
3 19 -6
3 20 1
3 21 -8
3 22 6
3 23 -6
3 24 -9
3 25 5
3 26 -1
3 27 9
3 28 5
3 29 5
3 30 1
3 31 9
4 0 6
4 1 -4
4 2 10
4 3 -3
4 4 -4
4 5 -1
4 6 3
4 8 9
4 9 10
4 10 -9
4 11 8
4 12 -1
4 13 -7
4 14 -8
4 15 1
4 16 2
4 17 5
4 18 5
4 19 -1
4 20 3
4 21 -3
4 22 -2
4 23 -1
4 24 4
4 25 -6
4 26 -1
4 27 5
4 28 -9
4 29 2
4 30 -5
4 31 -1
5 0 -4
5 1 -3
5 2 -8
5 3 -4
5 4 4
5 5 -4
5 6 3
5 7 -6
5 8 -7
5 9 -1
5 10 1
5 11 -5
5 13 -1
5 14 9
5 15 1
5 16 10
5 17 -3
5 19 -10
5 20 -10
5 21 -6
5 22 -9
5 23 2
5 25 -5
5 26 6
5 28 2
5 29 -6
5 30 10
5 31 7
6 0 10
6 1 -2
6 2 -2
6 3 -9
6 4 2
6 5 10
6 6 3
6 7 -2
6 8 2
6 9 4
6 10 -7
6 11 4
6 12 -2
6 13 -2
6 14 -2
6 15 5
6 16 -1
6 17 2
6 18 2
6 19 -1
6 20 -4
6 21 8
6 22 5
6 23 -8
6 24 3
6 25 -8
6 26 3
6 27 -2
6 28 -3
6 29 -1
6 30 -2
6 31 8
7 0 -10
7 2 2
7 3 -10
7 4 5
7 5 5
7 6 -2
7 7 -2
7 8 -10
7 9 4
7 10 -3
7 11 -8
7 12 6
7 13 -1
7 14 8
7 15 -8
7 16 6
7 17 -8
7 18 -5
7 19 -5
7 20 -7
7 21 -6
7 22 4
7 23 -3
7 24 -6
7 25 -7
7 26 7
7 27 -5
7 28 -9
7 29 -7
7 30 2
8 0 -7
8 1 3
8 2 -7
8 3 8
8 4 1
8 5 1
8 6 -6
8 7 6
8 8 -7
8 9 6
8 10 -4
8 11 1
8 13 1
8 14 2
8 15 -8
8 16 -7
8 17 -10
8 18 5
8 19 -9
8 20 5
8 21 -10
8 22 6
8 23 -5
8 24 10
8 25 9
8 26 -2
8 27 7
8 28 -4
8 29 8
8 30 -7
9 0 -1
9 1 6
9 2 8
9 3 -9
9 4 3
9 5 -6
9 6 -9
9 7 -2
9 8 4
9 9 -8
9 10 -3
9 11 -4
9 12 -8
9 13 -6
9 14 -10
9 15 8
9 16 1
9 17 3
9 18 -8
9 19 -1
9 20 2
9 21 3
9 22 -3
9 23 -4
9 24 3
9 25 -2
9 26 -8
9 27 2
9 28 -9
9 29 -6
9 30 -2
9 31 3
10 0 3
10 1 -4
10 2 4
10 3 -10
10 4 -10
10 5 10
10 6 -3
10 7 -5
10 8 1
10 9 -1
10 10 7
10 11 8
10 12 -10
10 13 1
10 14 6
10 15 -8
10 16 9
10 17 -4
10 18 5
10 19 -8
10 20 -6
10 21 9
10 22 10
10 23 10
10 24 -8
10 25 7
10 26 -2
10 27 7
10 28 -4
10 29 4
10 30 2
10 31 -2
11 0 -9
11 1 3
11 2 -1
11 3 8
11 4 -4
11 5 5
11 6 -3
11 7 -6
11 8 4
11 9 -5
11 10 -1
11 11 -6
11 12 5
11 13 10
11 14 -8
11 15 1
11 16 -5
11 17 -10
11 18 1
11 19 1
11 20 -9
11 21 -3
11 22 -3
11 23 4
11 24 9
11 25 -8
11 26 5
11 27 9
11 28 6
11 29 -10
11 30 -4
11 31 9
12 0 -6
12 1 8
12 2 -6
12 3 1
12 4 3
12 5 10
12 6 -3
12 7 2
12 8 5
12 9 -1
12 10 2
12 11 5
12 12 -10
12 13 6
12 14 -9
12 15 -6
12 16 7
12 18 2
12 19 -1
12 20 10
12 21 -7
12 23 -6
12 24 1
12 25 3
12 26 -3
12 27 1
12 28 8
12 29 10
12 30 -8
12 31 -10
13 0 -4
13 1 8
13 2 6
13 3 -1
13 4 -6
13 5 8
13 6 3
13 7 4
13 8 -6
13 9 -8
13 10 -10
13 11 -4
13 12 -2
13 13 -5
13 14 -4
13 15 2
13 16 -3
13 17 -5
13 18 6
13 19 8
13 20 -1
13 21 -3
13 22 -10
13 23 -5
13 24 1
13 25 3
13 26 -2
13 27 10
13 28 -10
13 29 7
13 30 10
13 31 1
14 0 8
14 1 -5
14 2 7
14 3 -4
14 4 10
14 5 7
14 6 -4
14 7 5
14 8 -3
14 9 3
14 10 -4
14 11 9
14 12 -3
14 13 3
14 14 -1
14 15 -10
14 16 -2
14 18 1
14 19 8
14 20 8
14 21 -8
14 22 -7
14 23 8
14 24 -3
14 25 -1
14 26 1
14 27 4
14 28 -1
14 29 -7
14 30 4
14 31 10
15 0 8
15 1 6
15 2 -10
15 3 2
15 4 -1
15 5 -5
15 6 -4
15 7 1
15 8 8
15 9 -2
15 11 3
15 13 -4
15 14 8
15 15 -6
15 16 -6
15 17 -8
15 19 6
15 20 6
15 21 -3
15 22 5
15 23 -4
15 24 3
15 25 7
15 26 -7
15 27 -3
15 28 -5
15 29 6
15 30 1
16 0 -6
16 1 9
16 2 1
16 3 -6
16 4 5
16 5 1
16 6 4
16 7 -4
16 8 -4
16 9 -8
16 10 8
16 11 -4
16 12 -4
16 13 2
16 14 -3
16 15 5
16 16 10
16 17 -1
16 18 -4
16 19 9
16 20 -7
16 21 -8
16 22 5
16 23 8
16 24 10
16 25 -1
16 26 -3
16 27 -1
16 28 -1
16 29 7
16 30 -1
16 31 -8
17 0 2
17 1 7
17 2 -9
17 3 -7
17 4 -2
17 5 8
17 6 5
17 7 3
17 9 3
17 10 -10
17 11 10
17 12 6
17 13 10
17 14 2
17 15 3
17 16 -3
17 17 -9
17 19 -6
17 21 -8
17 22 4
17 23 8
17 24 1
17 25 5
17 26 -5
17 27 5
17 28 -2
17 29 -7
17 30 6
17 31 -2
18 0 8
18 1 8
18 2 -8
18 3 -2
18 4 -9
18 5 5
18 6 -6
18 7 1
18 8 -1
18 9 -4
18 10 -10
18 11 7
18 12 -3
18 13 8
18 14 -9
18 15 7
18 16 -2
18 17 -4
18 18 10
18 19 10
18 20 -6
18 21 2
18 22 -6
18 23 4
18 25 10
18 26 4
18 27 -1
18 28 -10
18 29 3
18 30 -8
18 31 -2
19 0 -9
19 1 5
19 2 3
19 3 -10
19 4 -2
19 5 9
19 6 -5
19 7 4
19 9 5
19 10 5
19 11 -1
19 12 -1
19 13 5
19 14 5
19 15 7
19 16 1
19 17 6
19 18 5
19 19 -2
19 20 9
19 21 -10
19 22 -3
19 23 -7
19 24 4
19 25 1
19 26 -7
19 27 -4
19 28 4
19 29 -1
19 30 8
19 31 7
20 0 -1
20 1 -3
20 2 -10
20 3 -1
20 4 -2
20 5 -2
20 6 2
20 7 10
20 8 -9
20 9 -7
20 10 5
20 11 3
20 12 -10
20 13 -7
20 14 -7
20 16 -6
20 17 9
20 18 -9
20 19 -6
20 20 5
20 22 -6
20 23 -6
20 24 -6
20 25 -10
20 26 7
20 27 -9
20 28 2
20 29 2
20 30 2
20 31 -9
21 0 -5
21 1 9
21 2 6
21 3 -6
21 4 6
21 5 -10
21 6 -5
21 7 -6
21 9 -7
21 10 7
21 12 -3
21 13 7
21 14 5
21 15 -9
21 16 -6
21 17 -4
21 18 -7
21 19 8
21 21 -7
21 22 5
21 23 -2
21 24 -10
21 25 2
21 26 -1
21 27 1
21 28 2
21 29 4
21 30 -10
21 31 6
22 0 -8
22 1 9
22 2 -3
22 3 1
22 4 1
22 5 9
22 6 3
22 7 -2
22 8 -1
22 9 -10
22 10 -6
22 11 4
22 12 7
22 13 -5
22 14 8
22 15 1
22 16 -6
22 17 4
22 18 8
22 19 -10
22 20 2
22 21 3
22 22 -6
22 23 6
22 24 7
22 25 -7
22 26 5
22 27 -9
22 28 9
22 29 5
22 30 -8
22 31 3
23 0 -7
23 1 2
23 2 7
23 3 -3
23 4 2
23 5 1
23 7 5
23 8 2
23 9 10
23 10 10
23 11 6
23 12 -10
23 13 6
23 14 -4
23 15 8
23 16 5
23 17 -7
23 18 3
23 19 1
23 20 6
23 21 -5
23 22 -4
23 23 -3
23 24 -9
23 25 -1
23 26 -1
23 27 10
23 28 -5
23 29 7
23 30 1
23 31 8
24 0 -9
24 1 1
24 2 3
24 3 2
24 4 -8
24 5 -10
24 6 9
24 7 -2
24 8 3
24 9 2
24 10 10
24 11 9
24 12 4
24 13 -4
24 14 -8
24 15 9
24 16 -1
24 17 -10
24 18 6
24 19 -8
24 20 4
24 21 5
24 22 6
24 23 -10
24 24 9
24 25 8
24 26 9
24 27 -5
24 28 -9
24 29 2
24 30 -9
24 31 9
25 1 2
25 2 3
25 3 -2
25 4 -2
25 5 -3
25 6 -8
25 7 -4
25 8 -10
25 9 6
25 10 -10
25 11 7
25 12 -7
25 13 1
25 14 3
25 15 -6
25 16 -10
25 17 -4
25 18 8
25 19 4
25 20 -5
25 21 10
25 22 7
25 23 -1
25 24 -3
25 25 8
25 26 -6
25 27 3
25 28 4
25 29 -3
25 30 -9
25 31 -5
26 0 3
26 1 -6
26 2 3
26 3 3
26 4 1
26 5 4
26 6 2
26 7 1
26 8 10
26 9 -2
26 10 -3
26 11 -4
26 12 6
26 13 -9
26 15 -7
26 16 10
26 17 6
26 18 7
26 19 -4
26 20 -9
26 21 -9
26 22 8
26 23 6
26 24 -3
26 25 6
26 26 -10
26 27 -8
26 28 -4
26 29 1
26 30 -4
26 31 -10
27 0 -5
27 1 7
27 2 3
27 3 -3
27 5 1
27 6 8
27 7 -8
27 8 10
27 9 -3
27 10 -4
27 11 5
27 12 4
27 13 10
27 14 -5
27 15 -4
27 16 -4
27 17 1
27 18 -1
27 19 6
27 20 -1
27 21 -7
27 22 -4
27 23 9
27 24 -9
27 25 -10
27 26 -7
27 27 2
27 28 -7
27 29 9
27 30 -10
27 31 -3
28 0 -6
28 1 -5
28 2 -10
28 3 -10
28 4 -3
28 5 10
28 6 -6
28 7 4
28 8 -5
28 9 10
28 10 -7
28 11 -8
28 12 6
28 13 -8
28 14 -10
28 15 -1
28 16 7
28 17 1
28 18 2
28 19 -4
28 20 -5
28 21 9
28 22 -4
28 23 -8
28 24 -6
28 25 2
28 26 -5
28 27 9
28 28 -10
28 29 -2
28 30 -2
28 31 8
29 0 5
29 1 -4
29 2 9
29 3 -1
29 4 -5
29 6 -9
29 8 6
29 9 -9
29 10 -8
29 11 3
29 12 -6
29 13 -1
29 14 -3
29 15 -2
29 16 2
29 17 -9
29 18 -10
29 19 9
29 20 -1
29 23 6
29 24 10
29 25 -2
29 26 -10
29 27 5
29 28 3
29 29 -10
29 30 8
29 31 -2
30 0 2
30 1 -10
30 2 5
30 3 7
30 4 -6
30 5 -9
30 6 7
30 7 -9
30 8 -2
30 10 -3
30 11 -8
30 12 -3
30 13 6
30 14 1
30 15 -9
30 16 -2
30 17 9
30 18 6
30 19 -3
30 20 -3
30 21 7
30 22 4
30 23 2
30 24 9
30 25 -1
30 26 -2
30 27 -9
30 28 2
30 29 -3
30 30 10
30 31 -8
31 0 -8
31 1 6
31 2 7
31 3 9
31 4 9
31 5 9
31 6 9
31 7 -4
31 8 9
31 9 8
31 10 1
31 11 7
31 12 -10
31 13 10
31 14 -7
31 15 8
31 16 -4
31 17 -10
31 18 -9
31 19 2
31 20 -9
31 21 -7
31 22 3
31 23 4
31 24 9
31 25 6
31 26 5
31 27 3
31 28 -1
31 29 -6
31 30 5
31 31 -1
