64 64
0 0 -1
0 1 -9
0 2 -5
0 3 -1
0 4 4
0 5 -3
0 6 10
0 7 -3
0 8 -1
0 9 -8
0 10 8
0 11 8
0 12 10
0 13 4
0 14 -5
0 15 -2
0 17 2
0 18 -6
0 19 6
0 20 -3
0 21 -4
0 22 -3
0 23 -6
0 24 9
0 25 9
0 26 6
0 27 -5
0 28 1
0 29 -3
0 30 2
0 31 1
0 32 2
0 33 3
0 34 -4
0 35 7
0 36 -9
0 37 -2
0 38 -7
0 39 1
0 40 10
0 41 -8
0 42 2
0 43 -1
0 45 -3
0 46 4
0 47 -6
0 48 2
0 49 -1
0 50 -5
0 51 10
0 52 -4
0 53 3
0 54 -5
0 55 -1
0 56 6
0 57 -8
0 58 -7
0 59 -5
0 60 5
0 61 7
0 62 7
0 63 5
1 0 7
1 4 -4
1 5 -4
1 6 4
1 7 -8
1 8 5
1 9 -8
1 10 5
1 11 8
1 12 3
1 13 10
1 14 9
1 15 7
1 16 -1
1 17 7
1 18 -9
1 19 5
1 20 -10
1 21 9
1 22 -9
1 23 3
1 24 -2
1 25 -2
1 26 5
1 27 -8
1 28 8
1 29 -7
1 30 5
1 31 -8
1 33 7
1 34 5
1 35 5
1 36 -3
1 37 10
1 38 -3
1 39 9
1 40 -3
1 41 -5
1 42 10
1 43 5
1 44 -4
1 45 7
1 46 1
1 47 -6
1 48 7
1 49 7
1 50 -10
1 51 -9
1 52 -8
1 53 -7
1 54 2
1 55 10
1 56 -10
1 57 -4
1 58 -3
1 59 -6
1 60 -7
1 61 -10
1 62 -1
1 63 -2
2 0 5
2 1 -9
2 2 -10
2 3 -4
2 4 7
2 5 9
2 6 7
2 9 -6
2 10 1
2 11 4
2 12 -10
2 13 -8
2 14 -1
2 15 6
2 16 3
2 17 -7
2 18 5
2 19 5
2 20 -5
2 21 3
2 22 -3
2 23 -10
2 24 -2
2 25 -6
2 26 -8
2 27 3
2 28 -8
2 29 -6
2 30 -9
2 32 1
2 33 -10
2 34 8
2 35 4
2 36 7
2 37 10
2 38 4
2 39 -8
2 40 -4
2 41 6
2 42 -10
2 43 6
2 44 -1
2 46 7
2 47 -8
2 48 4
2 49 9
2 50 -4
2 51 9
2 52 -1
2 53 -1
2 54 -4
2 55 10
2 56 -10
2 57 7
2 58 9
2 59 7
2 60 9
2 61 -5
2 62 5
2 63 -2
3 0 -3
3 1 -4
3 2 -5
3 3 -9
3 4 3
3 5 -2
3 6 6
3 7 10
3 8 -2
3 9 -3
3 10 6
3 11 8
3 12 -1
3 13 4
3 14 9
3 15 9
3 16 -1
3 17 -6
3 18 6
3 19 -2
3 20 4
3 21 -3
3 22 9
3 24 -7
3 25 -7
3 26 10
3 27 -5
3 28 -5
3 29 8
3 30 -5
3 31 -1
3 32 -8
3 33 -8
3 34 -3
3 35 3
3 37 8
3 38 -7
3 39 -4
3 40 -5
3 41 -2
3 42 2
3 44 -10
3 45 -10
3 46 -7
3 47 4
3 49 1
3 50 4
3 51 5
3 52 -9
3 53 -7
3 56 -9
3 57 8
3 58 -9
3 59 2
3 60 1
3 61 8
3 62 1
3 63 -1
4 0 4
4 1 2
4 2 5
4 3 -4
4 4 4
4 5 4
4 6 8
4 7 2
4 8 5
4 9 1
4 10 5
4 11 -6
4 12 4
4 14 8
4 15 -2
4 16 4
4 17 -5
4 18 4
4 19 -7
4 20 -8
4 21 -4
4 22 -9
4 23 -7
4 24 9
4 25 8
4 26 -7
4 27 -3
4 28 5
4 29 -5
4 30 7
4 31 3
4 32 3
4 33 5
4 34 8
4 35 -7
4 36 -10
4 37 -6
4 38 -7
4 39 -6
4 40 6
4 42 -8
4 43 -7
4 44 2
4 45 -2
4 46 1
4 47 -7
4 48 -3
4 49 7
4 50 10
4 51 2
4 52 3
4 53 6
4 54 -6
4 55 5
4 56 4
4 57 -3
4 58 -4
4 59 5
4 60 -2
4 61 -2
4 62 2
5 0 9
5 1 -9
5 2 9
5 3 -5
5 4 -6
5 5 3
5 6 -6
5 7 7
5 8 -5
5 9 -3
5 10 2
5 11 2
5 12 7
5 13 8
5 14 -2
5 15 3
5 16 -3
5 17 -1
5 18 10
5 19 -1
5 20 -9
5 21 7
5 22 8
5 23 -7
5 24 -3
5 25 1
5 26 -4
5 27 -8
5 28 9
5 29 10
5 30 2
5 31 6
5 32 -4
5 33 2
5 34 1
5 35 -10
5 37 8
5 38 -2
5 39 -2
5 40 5
5 41 1
5 42 -9
5 43 -8
5 44 -3
5 45 -3
5 46 6
5 47 -3
5 48 -3
5 49 -2
5 50 9
5 51 5
5 52 4
5 53 -10
5 54 1
5 55 5
5 56 -7
5 57 6
5 58 -9
5 59 -1
5 60 -2
5 61 -8
5 62 -10
5 63 7
6 0 6
6 2 -3
6 3 6
6 4 -1
6 5 -5
6 6 2
6 7 4
6 8 -4
6 9 -7
6 11 -10
6 12 -6
6 13 9
6 14 2
6 15 4
6 16 -8
6 17 -8
6 18 8
6 19 -6
6 20 -5
6 21 6
6 22 -6
6 23 -8
6 24 9
6 25 -4
6 26 -10
6 27 -7
6 28 -10
6 29 6
6 30 9
6 31 -7
6 32 4
6 33 -10
6 34 6
6 35 -4
6 36 -8
6 37 -5
6 39 -10
6 40 -10
6 41 -5
6 43 -3
6 44 1
6 45 -2
6 46 -10
6 47 1
6 48 4
6 49 8
6 50 -1
6 51 9
6 52 -5
6 53 5
6 54 9
6 55 5
6 56 -4
6 57 9
6 58 -10
6 59 10
6 60 -2
6 61 6
6 62 -9
6 63 2
7 0 1
7 1 2
7 2 -6
7 3 10
7 4 -9
7 5 -1
7 6 7
7 7 -5
7 8 7
7 9 -9
7 10 -2
7 11 2
7 12 -2
7 13 -9
7 14 -8
7 15 2
7 17 -4
7 18 -9
7 19 4
7 20 -8
7 21 7
7 22 2
7 23 6
7 24 1
7 25 5
7 26 5
7 27 -5
7 28 4
7 29 -3
7 30 -8
7 31 -6
7 32 -7
7 33 -1
7 34 7
7 35 -10
7 36 5
7 37 -2
7 38 5
7 39 7
7 40 -8
7 41 7
7 42 2
7 43 6
7 44 -6
7 45 -3
7 46 -8
7 47 9
7 48 -8
7 49 7
7 50 -9
7 51 -2
7 52 -10
7 53 3
7 54 -6
7 55 4
7 57 -3
7 58 -4
7 59 9
7 60 -6
7 61 -1
7 62 -10
7 63 -7
8 0 -8
8 1 -4
8 2 4
8 3 10
8 4 -5
8 5 -5
8 6 7
8 7 -8
8 8 -9
8 9 4
8 10 -10
8 11 10
8 12 9
8 13 -1
8 14 6
8 15 6
8 16 9
8 17 4
8 18 3
8 19 5
8 20 -10
8 21 1
8 22 -3
8 23 -9
8 24 -3
8 25 7
8 26 -8
8 27 3
8 28 8
8 29 10
8 30 -7
8 31 7
8 32 -4
8 33 -3
8 34 -2
8 35 6
8 36 -7
8 37 -7
8 38 9
8 39 -5
8 40 -9
8 41 -10
8 42 -6
8 43 -3
8 44 -4
8 45 -4
8 46 -4
8 48 -7
8 49 -2
8 50 -4
8 51 -8
8 52 7
8 53 -4
8 54 -5
8 55 7
8 56 -5
8 57 6
8 58 10
8 59 -9
8 60 10
8 61 -3
8 62 8
8 63 -3
9 0 -5
9 1 2
9 2 9
9 3 5
9 4 -2
9 5 2
9 6 7
9 7 3
9 8 9
9 9 -5
9 10 -8
9 11 9
9 12 -8
9 13 4
9 14 -2
9 15 -4
9 16 -9
9 17 -6
9 18 7
9 19 3
9 20 -7
9 21 5
9 22 3
9 23 3
9 24 -9
9 25 -6
9 26 -3
9 27 -9
9 28 1
9 30 -7
9 31 7
9 32 4
9 33 -5
9 34 -4
9 35 5
9 36 -10
9 37 -9
9 38 -7
9 39 10
9 40 -2
9 41 -9
9 42 -1
9 43 7
9 44 -6
9 45 8
9 46 -6
9 47 -4
9 48 -1
9 49 4
9 50 -3
9 51 3
9 53 -2
9 54 7
9 55 6
9 56 8
9 57 -6
9 58 -6
9 59 6
9 60 -4
9 61 -8
9 62 7
9 63 1
10 0 -7
10 1 5
10 2 -6
10 3 -3
10 4 -4
10 5 -8
10 6 5
10 7 -2
10 8 -6
10 9 -10
10 10 8
10 11 5
10 12 -1
10 13 7
10 14 5
10 15 -10
10 16 -2
10 17 -4
10 19 8
10 20 7
10 21 7
10 22 6
10 23 -8
10 24 -8
10 25 6
10 26 -8
10 27 8
10 28 9
10 30 3
10 31 -8
10 32 -10
10 33 -8
10 34 3
10 35 10
10 36 5
10 37 10
10 38 10
10 39 -2
10 40 10
10 41 7
10 42 4
10 43 10
10 44 2
10 45 -9
10 46 -8
10 48 9
10 49 6
10 50 -1
10 51 6
10 52 9
10 53 -4
10 54 -7
10 55 4
10 56 -6
10 57 7
10 58 -9
10 59 5
10 60 9
10 61 -3
10 62 -7
10 63 7
11 0 -4
11 1 5
11 2 4
11 3 -5
11 4 -1
11 5 -9
11 6 10
11 7 1
11 8 1
11 9 2
11 10 10
11 11 6
11 12 -3
11 13 8
11 14 -5
11 15 4
11 16 -1
11 17 6
11 18 2
11 19 -3
11 20 4
11 21 6
11 22 -9
11 23 6
11 24 9
11 25 8
11 26 -6
11 27 -8
11 28 -2
11 29 -9
11 30 4
11 31 -1
11 32 10
11 33 8
11 34 -3
11 35 3
11 36 -5
11 37 5
11 38 1
11 39 -9
11 40 4
11 41 -3
11 42 -1
11 43 -10
11 44 -8
11 45 -9
11 46 -1
11 47 3
11 48 10
11 49 5
11 50 -7
11 52 2
11 53 2
11 54 8
11 55 -7
11 56 6
11 57 -7
11 58 -6
11 59 1
11 60 4
11 61 -1
11 62 -4
11 63 -6
12 0 4
12 1 -3
12 2 -2
12 3 10
12 4 7
12 5 -10
12 6 -4
12 7 -9
12 8 6
12 9 -3
12 11 9
12 12 10
12 13 -2
12 14 -6
12 15 -7
12 16 -1
12 17 2
12 18 9
12 19 7
12 20 7
12 21 -3
12 23 8
12 24 5
12 25 3
12 26 -7
12 27 -3
12 28 -6
12 29 9
12 31 -5
12 32 6
12 33 -10
12 34 -5
12 35 9
12 36 -4
12 37 -3
12 38 -6
12 39 -2
12 40 -6
12 41 7
12 42 4
12 43 10
12 44 -6
12 45 10
12 46 6
12 47 -4
12 48 -3
12 49 -1
12 50 7
12 51 3
12 52 -4
12 53 9
12 54 2
12 55 -6
12 56 10
12 57 -8
12 58 9
12 59 -3
12 60 -9
12 61 -10
12 62 -8
12 63 2
13 0 -6
13 1 2
13 2 -10
13 3 -8
13 4 3
13 5 -6
13 6 3
13 7 7
13 8 -9
13 9 -10
13 10 -2
13 11 -2
13 12 -4
13 13 9
13 14 4
13 15 10
13 16 -5
13 17 6
13 18 5
13 19 -7
13 20 7
13 21 -8
13 22 -6
13 23 2
13 24 -2
13 25 2
13 26 3
13 27 3
13 28 10
13 29 9
13 30 -3
13 31 -8
13 32 6
13 33 5
13 35 3
13 36 5
13 38 6
13 39 -3
13 40 -4
13 41 -5
13 42 -9
13 43 8
13 44 5
13 45 -5
13 46 -7
13 47 1
13 48 -2
13 49 1
13 50 1
13 51 -9
13 52 -2
13 53 -7
13 55 7
13 56 -10
13 57 7
13 58 7
13 59 1
13 60 10
13 61 3
13 62 10
13 63 -3
14 0 -2
14 1 -10
14 2 10
14 3 -4
14 4 -3
14 5 10
14 6 1
14 7 -1
14 8 -6
14 9 9
14 10 -1
14 11 6
14 12 -5
14 13 -10
14 14 -1
14 15 8
14 16 3
14 17 5
14 18 5
14 19 -1
14 20 -2
14 21 -10
14 22 -9
14 23 -2
14 24 -3
14 25 5
14 26 -5
14 27 -5
14 28 -4
14 29 -5
14 30 -3
14 31 -7
14 32 -4
14 33 -1
14 34 6
14 35 4
14 36 -10
14 37 6
14 38 -2
14 39 -5
14 40 -5
14 41 -5
14 42 4
14 43 -2
14 44 -8
14 45 9
14 46 -6
14 47 10
14 48 -9
14 49 3
14 50 3
14 51 -1
14 52 -6
14 53 9
14 54 6
14 55 5
14 56 4
14 57 5
14 58 1
14 59 -10
14 60 -2
14 61 9
14 62 -1
14 63 -4
15 0 1
15 1 -3
15 2 -6
15 3 -1
15 4 -5
15 5 2
15 6 9
15 7 -5
15 10 -2
15 11 6
15 12 9
15 13 8
15 14 -5
15 15 -5
15 16 -9
15 17 -8
15 18 9
15 19 7
15 20 -7
15 21 -9
15 22 9
15 23 -4
15 24 -2
15 25 6
15 26 7
15 27 -5
15 29 -3
15 30 -3
15 31 -5
15 32 4
15 33 2
15 34 -10
15 35 -9
15 36 8
15 37 7
15 38 6
15 39 -2
15 40 -8
15 41 3
15 42 8
15 43 6
15 44 3
15 45 -8
15 46 -3
15 47 -10
15 48 3
15 49 -6
15 50 -7
15 51 9
15 52 10
15 53 -1
15 54 -7
15 56 7
15 57 -2
15 58 -10
15 59 4
15 60 3
15 61 1
15 62 2
15 63 -3
16 0 -10
16 1 -2
16 2 -7
16 3 -2
16 4 9
16 5 -5
16 6 9
16 8 9
16 9 1
16 10 -3
16 12 10
16 14 6
16 15 9
16 16 10
16 17 -2
16 18 9
16 20 6
16 22 -1
16 23 -3
16 24 3
16 25 -7
16 26 9
16 27 -5
16 28 -10
16 29 7
16 30 -7
16 31 8
16 32 -6
16 33 10
16 34 -5
16 35 8
16 36 -10
16 37 8
16 39 -9
16 40 2
16 41 9
16 42 10
16 43 9
16 44 -1
16 45 -5
16 46 -4
16 47 -9
16 48 4
16 49 4
16 50 -8
16 51 -8
16 52 5
16 53 5
16 54 5
16 55 9
16 56 -4
16 57 -8
16 58 1
16 59 -10
16 60 -10
16 61 7
16 62 4
16 63 -2
17 0 2
17 1 -1
17 2 -3
17 3 4
17 4 10
17 5 4
17 6 -8
17 7 -8
17 8 -5
17 9 -10
17 10 -2
17 11 2
17 12 -4
17 13 5
17 14 7
17 15 -6
17 17 10
17 18 -8
17 19 3
17 20 -2
17 21 6
17 22 4
17 23 3
17 24 1
17 25 -4
17 26 -3
17 27 -9
17 28 4
17 29 -5
17 30 9
17 31 7
17 32 -10
17 33 2
17 34 6
17 35 -9
17 36 4
17 37 -10
17 38 7
17 39 -2
17 40 -10
17 41 -7
17 42 10
17 43 -1
17 44 -1
17 45 -9
17 46 4
17 47 5
17 48 3
17 49 -3
17 51 9
17 53 -5
17 54 4
17 55 6
17 56 -6
17 57 6
17 58 -9
17 59 -7
17 60 2
17 62 -8
17 63 -5
18 0 -4
18 1 -2
18 2 -3
18 3 6
18 4 -8
18 6 -1
18 7 -4
18 8 6
18 9 7
18 11 6
18 12 -3
18 13 2
18 14 -4
18 15 -2
18 16 4
18 17 -4
18 18 8
18 19 3
18 20 -3
18 21 -7
18 22 3
18 23 -9
18 24 10
18 25 9
18 28 9
18 29 -4
18 30 2
18 31 1
18 32 -5
18 33 -8
18 34 -7
18 35 -7
18 36 -9
18 37 4
18 38 8
18 39 4
18 40 -3
18 41 10
18 42 5
18 43 8
18 44 -6
18 45 -7
18 46 10
18 47 6
18 48 7
18 49 -3
18 50 -6
18 51 -7
18 52 7
18 53 -8
18 54 -1
18 55 9
18 56 9
18 57 7
18 58 2
18 59 5
18 60 5
18 62 7
18 63 -3
19 0 2
19 1 -1
19 2 7
19 3 -2
19 4 9
19 5 6
19 6 1
19 7 -9
19 8 8
19 9 -9
19 10 10
19 11 -4
19 12 -1
19 13 4
19 15 -7
19 16 -8
19 18 -10
19 19 8
19 20 -3
19 21 -4
19 22 5
19 23 -8
19 24 -3
19 25 4
19 26 8
19 27 2
19 28 9
19 29 9
19 30 8
19 31 -6
19 32 -3
19 33 3
19 34 -4
19 35 -9
19 36 -3
19 37 -2
19 38 -2
19 39 8
19 40 -1
19 41 4
19 42 7
19 43 6
19 44 -8
19 45 -4
19 46 -4
19 47 -1
19 48 1
19 49 -8
19 50 -8
19 51 -9
19 52 -7
19 53 7
19 54 -9
19 55 3
19 56 2
19 57 -3
19 58 9
19 60 -1
19 61 10
19 62 2
19 63 7
20 0 -1
20 1 2
20 2 10
20 3 -2
20 4 -4
20 5 -1
20 6 8
20 7 3
20 8 -5
20 9 -5
20 10 5
20 11 -7
20 12 -9
20 13 1
20 14 3
20 15 3
20 17 -5
20 18 -1
20 19 2
20 20 4
20 21 1
20 22 4
20 23 -4
20 24 9
20 25 -2
20 26 1
20 27 9
20 28 -7
20 29 -2
20 30 -7
20 31 10
20 32 -3
20 33 -1
20 34 -5
20 35 -10
20 37 9
20 38 -3
20 40 -2
20 42 -4
20 43 -9
20 44 -3
20 45 -3
20 46 -2
20 47 9
20 48 3
20 49 -6
20 50 -8
20 51 10
20 52 10
20 53 7
20 54 -10
20 55 7
20 56 5
20 57 -4
20 58 8
20 59 7
20 60 9
20 61 -1
20 62 -4
20 63 -9
21 0 8
21 1 -2
21 2 -10
21 3 4
21 4 -3
21 5 -2
21 6 4
21 7 1
21 8 3
21 9 -5
21 10 2
21 12 -9
21 13 -6
21 14 -5
21 15 -2
21 16 5
21 17 -9
21 18 7
21 19 -5
21 20 -6
21 22 9
21 23 -8
21 24 -10
21 25 -1
21 26 1
21 27 10
21 28 -6
21 29 8
21 30 -6
21 31 5
21 32 -10
21 33 -3
21 34 -4
21 35 -6
21 36 -9
21 37 -2
21 38 3
21 39 3
21 40 3
21 41 6
21 42 7
21 43 -1
21 45 -7
21 46 -3
21 47 -9
21 48 -8
21 49 9
21 50 7
21 51 -9
21 52 -5
21 53 -9
21 55 2
21 57 4
21 58 5
21 59 8
21 60 -10
21 61 4
21 62 -5
21 63 1
22 0 2
22 1 5
22 2 -1
22 3 -4
22 4 -9
22 5 9
22 6 9
22 7 2
22 8 -10
22 9 3
22 11 2
22 12 6
22 13 -4
22 14 8
22 15 5
22 16 -9
22 17 10
22 18 -6
22 19 4
22 20 1
22 21 6
22 22 4
22 23 10
22 24 -3
22 25 9
22 26 8
22 27 5
22 28 -8
22 29 10
22 30 3
22 31 5
22 32 2
22 33 6
22 34 -2
22 35 8
22 36 3
22 37 8
22 38 3
22 39 -8
22 40 -8
22 41 6
22 42 -5
22 43 9
22 44 -2
22 45 9
22 46 -7
22 47 6
22 48 9
22 49 6
22 51 10
22 52 -9
22 53 6
22 54 10
22 55 6
22 56 5
22 57 8
22 58 2
22 59 4
22 60 -2
22 61 -3
22 62 -8
22 63 5
23 0 9
23 1 -8
23 2 -3
23 3 -6
23 4 5
23 5 8
23 6 5
23 7 -9
23 8 1
23 9 -9
23 10 -2
23 11 -1
23 12 -9
23 13 1
23 14 -7
23 15 7
23 16 -3
23 17 -6
23 18 9
23 19 -3
23 20 -2
23 21 8
23 22 9
23 23 3
23 24 7
23 25 6
23 26 8
23 27 -3
23 28 8
23 29 -3
23 30 2
23 31 -7
23 32 -5
23 33 5
23 34 -1
23 35 2
23 36 3
23 38 -1
23 39 -2
23 40 -10
23 41 -4
23 42 -10
23 43 5
23 44 8
23 45 1
23 46 -1
23 47 -3
23 48 10
23 49 6
23 50 7
23 51 3
23 52 1
23 53 6
23 54 3
23 55 -7
23 56 6
23 57 4
23 58 6
23 59 9
23 60 -7
23 61 -2
23 62 2
23 63 9
24 0 -2
24 1 -9
24 2 4
24 3 -10
24 4 -7
24 5 3
24 6 -6
24 7 -9
24 8 4
24 9 8
24 10 -2
24 11 -10
24 12 2
24 13 -7
24 14 -6
24 15 -1
24 16 6
24 17 -1
24 18 6
24 19 9
24 20 8
24 22 -1
24 23 3
24 24 -6
24 25 -6
24 26 -2
24 27 6
24 28 9
24 29 4
24 30 8
24 31 10
24 32 -10
24 33 7
24 34 2
24 35 -2
24 36 9
24 37 -3
24 38 -2
24 39 -3
24 40 9
24 42 -2
24 43 -5
24 44 -8
24 45 1
24 46 1
24 47 -8
24 48 6
24 50 -6
24 51 8
24 52 10
24 53 -9
24 54 7
24 55 6
24 56 8
24 57 6
24 58 10
24 59 -9
24 60 2
24 61 5
24 62 -2
24 63 -1
25 0 -10
25 1 7
25 2 -4
25 3 8
25 4 -9
25 5 -9
25 6 -10
25 7 3
25 8 9
25 9 3
25 10 -3
25 11 -1
25 12 6
25 13 -2
25 14 -1
25 15 -9
25 16 10
25 17 -1
25 18 9
25 19 -3
25 20 6
25 21 2
25 22 5
25 23 -8
25 24 -9
25 25 -8
25 26 -2
25 27 -10
25 28 9
25 30 -3
25 31 -8
25 32 -2
25 33 -2
25 34 -5
25 35 3
25 36 2
25 37 9
25 38 -3
25 39 -1
25 40 8
25 41 7
25 42 -3
25 43 8
25 44 -8
25 45 1
25 46 -10
25 47 6
25 48 -1
25 49 2
25 50 9
25 51 10
25 52 9
25 53 7
25 54 9
25 55 5
25 56 4
25 57 2
25 58 -8
25 60 -7
25 61 -3
25 62 5
25 63 -4
26 1 9
26 2 2
26 3 7
26 4 -10
26 5 5
26 6 6
26 7 10
26 8 -9
26 9 -7
26 10 5
26 11 10
26 12 -10
26 13 -8
26 14 -3
26 15 -3
26 16 -10
26 17 -6
26 18 -10
26 19 1
26 21 -2
26 22 5
26 23 1
26 24 -3
26 25 2
26 26 1
26 27 -5
26 28 -7
26 29 7
26 31 -6
26 32 -5
26 33 -1
26 34 -3
26 35 -9
26 36 -7
26 38 8
26 39 1
26 40 3
26 41 -9
26 42 -10
26 43 1
26 44 2
26 45 -1
26 46 -6
26 47 -8
26 48 -6
26 49 10
26 50 -4
26 51 -2
26 52 4
26 53 10
26 54 3
26 56 3
26 57 -8
26 58 -8
26 59 -1
26 60 -1
26 61 1
26 62 7
26 63 1
27 0 -1
27 1 -1
27 2 -5
27 3 -9
27 4 -7
27 5 -9
27 6 -2
27 7 2
27 8 -7
27 9 -4
27 10 1
27 11 2
27 12 2
27 13 9
27 14 7
27 15 6
27 16 4
27 17 1
27 18 10
27 19 -1
27 20 10
27 21 -6
27 22 6
27 23 -2
27 24 -3
27 26 -2
27 27 3
27 28 -2
27 29 10
27 30 4
27 31 -9
27 32 -10
27 33 -5
27 34 8
27 35 9
27 36 -8
27 37 -4
27 38 4
27 39 -7
27 40 10
27 41 7
27 42 -4
27 43 -3
27 44 -3
27 45 -5
27 47 -8
27 48 5
27 49 -7
27 50 -4
27 51 -2
27 52 -3
27 53 -8
27 54 3
27 55 1
27 56 3
27 57 -2
27 58 7
27 60 6
27 61 -1
27 63 -10
28 1 1
28 2 -6
28 3 -3
28 4 -10
28 5 2
28 6 1
28 7 -4
28 9 -3
28 10 -4
28 11 2
28 12 5
28 13 -1
28 14 -5
28 15 -10
28 16 2
28 17 -4
28 18 -7
28 19 -10
28 20 7
28 21 -10
28 22 4
28 23 -10
28 24 10
28 25 -9
28 26 -6
28 27 9
28 28 3
28 29 -4
28 30 2
28 32 -7
28 33 -10
28 34 -3
28 35 -2
28 36 -10
28 37 -3
28 38 2
28 39 9
28 41 -2
28 42 4
28 43 1
28 44 9
28 45 -1
28 46 -8
28 47 -8
28 48 -8
28 49 -6
28 50 -8
28 51 4
28 52 -9
28 53 -2
28 54 -9
28 55 4
28 56 5
28 57 5
28 58 5
28 59 -2
28 60 9
28 61 -1
28 62 -9
28 63 -2
29 0 4
29 1 2
29 2 7
29 3 10
29 4 -10
29 5 -8
29 6 -9
29 7 -9
29 8 8
29 9 3
29 10 8
29 11 -5
29 12 -2
29 13 7
29 14 3
29 15 -7
29 16 10
29 17 5
29 18 -8
29 19 -8
29 20 -4
29 21 -10
29 22 6
29 23 -5
29 24 3
29 25 -10
29 26 3
29 27 -8
29 28 8
29 29 4
29 30 4
29 31 4
29 32 -3
29 33 -9
29 34 4
29 35 7
29 36 2
29 37 -10
29 38 8
29 39 -10
29 40 4
29 41 -2
29 42 -10
29 43 -5
29 44 -8
29 45 -8
29 46 4
29 47 -8
29 48 10
29 49 -8
29 50 1
29 51 -9
29 52 -10
29 53 -2
29 55 -5
29 56 6
29 57 1
29 58 7
29 59 1
29 60 -2
29 61 -2
29 62 6
29 63 10
30 0 9
30 1 3
30 2 -2
30 3 -6
30 4 7
30 5 4
30 6 8
30 7 -8
30 8 -9
30 9 -7
30 10 8
30 11 -1
30 12 7
30 13 9
30 14 1
30 15 -8
30 16 -4
30 18 6
30 19 5
30 20 9
30 21 5
30 23 3
30 24 8
30 25 8
30 26 3
30 27 10
30 28 3
30 29 8
30 30 -8
30 31 1
30 32 2
30 33 -2
30 35 -5
30 36 8
30 37 1
30 38 -5
30 39 -7
30 40 4
30 42 5
30 44 -8
30 45 1
30 46 -7
30 47 -1
30 48 4
30 49 1
30 50 -8
30 51 -2
30 52 -7
30 53 10
30 54 -9
30 55 9
30 56 4
30 57 9
30 58 -1
30 59 -8
30 60 2
30 61 -4
30 62 9
30 63 6
31 0 4
31 1 -6
31 2 -2
31 3 -9
31 4 -9
31 5 7
31 6 -4
31 7 -6
31 8 -3
31 9 -5
31 10 -8
31 11 -3
31 12 -6
31 13 -9
31 14 4
31 15 8
31 16 3
31 17 4
31 18 6
31 19 8
31 20 7
31 21 1
31 22 8
31 23 5
31 24 9
31 25 -9
31 26 -6
31 27 5
31 29 -2
31 30 -3
31 31 2
31 32 4
31 33 5
31 34 -6
31 35 2
31 36 4
31 37 5
31 38 3
31 39 2
31 40 6
31 41 -3
31 42 7
31 43 -10
31 44 -5
31 45 3
31 46 5
31 47 4
31 48 -4
31 49 10
31 50 -10
31 51 -4
31 53 -1
31 54 -1
31 55 9
31 56 2
31 57 -9
31 58 -3
31 59 8
31 60 6
31 61 -1
31 62 -5
31 63 -2
32 0 -8
32 2 -4
32 3 -4
32 4 8
32 5 7
32 6 5
32 7 4
32 8 -3
32 9 -1
32 10 4
32 11 -6
32 12 -9
32 13 9
32 14 4
32 15 1
32 16 9
32 17 8
32 18 -3
32 19 5
32 20 -3
32 21 10
32 22 -5
32 23 6
32 24 -7
32 25 -4
32 26 -10
32 27 -7
32 28 5
32 29 -4
32 30 -3
32 31 3
32 32 7
32 33 5
32 34 -6
32 35 9
32 36 3
32 37 7
32 38 2
32 39 1
32 40 5
32 42 -6
32 43 10
32 44 -9
32 45 8
32 46 -6
32 47 -5
32 48 9
32 49 10
32 50 2
32 51 5
32 52 -5
32 53 -1
32 54 4
32 55 1
32 56 6
32 57 -8
32 58 4
32 59 -9
32 60 -3
32 61 2
32 62 -9
32 63 -6
33 0 -2
33 1 5
33 2 4
33 3 -7
33 4 -1
33 5 9
33 6 -2
33 7 6
33 8 3
33 10 -6
33 11 -9
33 12 -8
33 13 -1
33 14 3
33 15 -5
33 16 4
33 17 -4
33 18 -2
33 19 -6
33 20 -10
33 21 7
33 23 7
33 24 5
33 25 2
33 27 -8
33 28 9
33 29 6
33 30 -10
33 31 -1
33 32 -3
33 33 -4
33 34 8
33 35 2
33 36 2
33 37 4
33 38 -10
33 39 -2
33 40 6
33 41 -5
33 42 8
33 43 4
33 44 -3
33 45 7
33 46 -2
33 47 -6
33 49 2
33 50 1
33 51 8
33 52 -4
33 53 1
33 54 -8
33 55 9
33 56 6
33 57 -8
33 58 3
33 59 -2
33 60 -7
33 61 -1
33 62 -6
33 63 3
34 0 6
34 1 5
34 2 -9
34 3 -10
34 4 -9
34 5 -3
34 6 6
34 7 2
34 8 5
34 9 -3
34 11 -4
34 12 -7
34 13 5
34 14 8
34 15 -8
34 16 6
34 17 6
34 18 5
34 19 6
34 21 -4
34 22 -9
34 23 -6
34 24 10
34 25 -7
34 26 9
34 27 4
34 28 7
34 29 -3
34 30 -5
34 31 -5
34 32 -1
34 33 -1
34 34 9
34 35 -5
34 36 -9
34 37 8
34 38 -2
34 39 -6
34 40 -9
34 41 -2
34 42 3
34 43 -10
34 44 10
34 45 7
34 46 7
34 48 -9
34 49 10
34 50 10
34 51 -9
34 52 -2
34 53 -9
34 54 3
34 55 10
34 56 -2
34 57 6
34 58 8
34 59 -7
34 60 -5
34 61 4
34 62 4
34 63 -5
35 0 -2
35 1 6
35 2 -4
35 3 -8
35 4 3
35 5 -3
35 6 7
35 7 -8
35 8 -8
35 9 -10
35 10 6
35 11 -4
35 13 10
35 14 -9
35 15 9
35 16 7
35 18 8
35 19 -3
35 20 4
35 21 -5
35 22 5
35 23 4
35 24 -8
35 25 8
35 26 3
35 27 -10
35 28 3
35 29 8
35 30 4
35 31 -5
35 32 5
35 33 -3
35 34 7
35 35 -9
35 36 -10
35 37 -5
35 38 -5
35 39 3
35 40 -4
35 41 -4
35 42 2
35 43 -5
35 44 5
35 46 -2
35 47 -6
35 48 -9
35 49 6
35 50 4
35 51 9
35 52 10
35 53 9
35 54 -7
35 55 -8
35 56 4
35 57 -1
35 58 10
35 59 8
35 60 -1
35 61 -2
35 62 9
35 63 -2
36 0 -3
36 1 -6
36 2 5
36 3 -5
36 4 6
36 5 -8
36 6 -2
36 7 -3
36 8 3
36 9 -4
36 10 5
36 11 2
36 12 5
36 13 -3
36 14 4
36 15 4
36 16 8
36 17 8
36 18 -4
36 19 3
36 20 10
36 21 5
36 22 -1
36 23 10
36 24 -5
36 25 -9
36 26 10
36 27 2
36 28 -9
36 29 7
36 30 7
36 31 3
36 32 5
36 33 8
36 34 9
36 35 10
36 36 -5
36 37 10
36 38 -10
36 39 3
36 40 6
36 41 7
36 42 4
36 43 10
36 44 -1
36 45 -3
36 46 -2
36 47 -3
36 48 -2
36 49 -5
36 50 -10
36 51 5
36 52 4
36 53 -2
36 54 -10
36 55 -10
36 56 -5
36 57 -3
36 58 -4
36 59 -10
36 60 6
36 62 10
36 63 8
37 0 -5
37 1 4
37 2 2
37 3 -6
37 4 5
37 5 8
37 6 8
37 7 -5
37 8 4
37 9 5
37 10 -2
37 11 7
37 12 5
37 13 3
37 14 2
37 15 3
37 16 -3
37 17 4
37 18 3
37 19 -9
37 20 -9
37 21 -2
37 22 -6
37 23 -2
37 24 7
37 25 4
37 26 -2
37 27 -7
37 28 -8
37 29 -5
37 30 10
37 31 3
37 32 -10
37 33 8
37 34 -5
37 35 6
37 37 -8
37 38 6
37 39 1
37 40 6
37 42 -1
37 43 1
37 44 5
37 45 9
37 46 3
37 47 -3
37 48 10
37 49 -1
37 50 -10
37 51 -4
37 52 -1
37 53 3
37 54 -7
37 55 -2
37 56 -6
37 57 -6
37 58 1
37 59 8
37 60 1
37 61 -1
37 62 -10
37 63 1
38 0 10
38 1 7
38 2 4
38 3 10
38 4 6
38 5 -7
38 6 3
38 7 -7
38 8 8
38 9 -1
38 10 2
38 11 8
38 12 -5
38 13 10
38 14 -7
38 15 5
38 16 6
38 17 10
38 18 9
38 19 9
38 20 -2
38 21 -8
38 22 -3
38 23 4
38 24 6
38 25 7
38 26 -2
38 27 -5
38 28 -7
38 29 -10
38 30 -9
38 31 -8
38 32 1
38 34 -5
38 35 6
38 36 4
38 37 4
38 38 -9
38 39 4
38 40 7
38 41 1
38 42 1
38 43 7
38 44 -3
38 45 -2
38 46 -2
38 47 7
38 48 6
38 49 -1
38 50 6
38 51 -10
38 52 -7
38 53 -6
38 54 10
38 55 -4
38 56 9
38 57 5
38 58 -2
38 59 9
38 60 -7
38 61 9
38 62 -5
38 63 5
39 0 7
39 1 -5
39 2 -6
39 3 -10
39 4 3
39 5 9
39 6 -4
39 7 3
39 8 -5
39 9 -5
39 10 -3
39 11 9
39 12 -6
39 13 -5
39 14 7
39 15 -8
39 16 -4
39 17 -9
39 18 -3
39 19 6
39 20 -9
39 21 -9
39 22 -5
39 23 -7
39 24 -6
39 25 10
39 26 -9
39 27 9
39 28 -6
39 29 -1
39 30 5
39 31 -8
39 32 1
39 33 1
39 34 1
39 35 -5
39 36 1
39 37 -6
39 38 7
39 39 -9
39 40 4
39 41 5
39 42 5
39 43 7
39 44 -8
39 45 5
39 46 -6
39 47 -4
39 48 3
39 49 4
39 50 6
39 51 2
39 52 10
39 53 -6
39 54 -6
39 55 10
39 56 1
39 57 3
39 58 -4
39 59 -5
39 60 -2
39 61 8
39 62 -7
39 63 7
40 0 -5
40 1 8
40 2 5
40 3 9
40 4 4
40 5 4
40 6 -4
40 8 8
40 9 -2
40 11 -3
40 12 3
40 13 5
40 14 1
40 15 3
40 16 -4
40 17 8
40 18 2
40 19 7
40 20 4
40 21 -7
40 22 8
40 23 -2
40 24 -2
40 25 -4
40 26 9
40 27 6
40 28 -5
40 29 -8
40 30 -1
40 31 -1
40 32 4
40 33 -9
40 35 -5
40 36 -5
40 37 -2
40 38 -6
40 39 1
40 40 9
40 41 -3
40 42 5
40 43 -9
40 44 -3
40 45 -9
40 46 -1
40 47 6
40 48 4
40 50 10
40 51 -3
40 52 -2
40 53 6
40 54 -1
40 55 2
40 56 -3
40 57 -4
40 58 2
40 59 8
40 60 8
40 61 10
40 62 -10
40 63 4
41 0 -3
41 1 -3
41 2 -1
41 3 2
41 4 10
41 5 -10
41 6 -5
41 7 -2
41 8 4
41 9 -6
41 10 -7
41 11 -7
41 12 -6
41 14 -8
41 15 2
41 16 1
41 17 -9
41 19 -5
41 20 -6
41 21 -10
41 22 -9
41 23 1
41 24 6
41 25 7
41 26 -5
41 27 5
41 28 -7
41 29 -10
41 31 8
41 32 -2
41 33 -6
41 34 -9
41 35 1
41 36 -5
41 37 -4
41 38 -4
41 39 1
41 40 -2
41 41 1
41 42 9
41 43 -2
41 44 -6
41 45 3
41 46 1
41 47 -10
41 48 -7
41 49 4
41 50 -6
41 51 2
41 52 -8
41 53 8
41 55 3
41 56 -6
41 57 -8
41 58 -2
41 59 -9
41 60 -10
41 61 2
41 62 6
41 63 -4
42 0 -9
42 1 -8
42 2 -8
42 3 -10
42 4 2
42 5 -6
42 6 2
42 7 -1
42 8 -9
42 9 1
42 10 7
42 11 -7
42 12 10
42 13 -2
42 14 -7
42 15 7
42 16 -7
42 17 -1
42 18 10
42 19 -1
42 20 -8
42 21 7
42 22 -10
42 23 1
42 24 8
42 25 5
42 26 10
42 27 -9
42 28 8
42 29 7
42 30 6
42 31 -2
42 32 3
42 33 -4
42 34 -4
42 35 -5
42 36 -9
42 37 8
42 38 -6
42 39 -2
42 40 10
42 41 -3
42 42 5
42 43 10
42 44 -4
42 45 -5
42 46 -4
42 47 -4
42 48 4
42 49 -2
42 50 -10
42 51 7
42 52 9
42 53 -1
42 54 -2
42 55 9
42 56 2
42 57 7
42 58 3
42 59 -2
42 60 9
42 61 -7
42 62 -1
42 63 -6
43 0 -3
43 1 6
43 2 -4
43 3 10
43 4 -7
43 5 2
43 6 8
43 7 -3
43 8 -4
43 9 -6
43 11 -9
43 12 -2
43 13 -5
43 14 -3
43 15 -10
43 16 -8
43 17 3
43 18 -10
43 19 -5
43 20 5
43 21 10
43 22 10
43 24 6
43 25 5
43 26 2
43 27 1
43 28 -5
43 29 9
43 30 9
43 31 7
43 32 -8
43 33 -9
43 34 7
43 35 -2
43 36 -3
43 37 7
43 38 -9
43 39 -10
43 40 5
43 41 4
43 42 9
43 43 7
43 44 8
43 45 -9
43 46 -3
43 47 -2
43 48 -5
43 49 -8
43 50 -7
43 51 -10
43 52 -7
43 53 -8
43 54 4
43 55 -5
43 56 4
43 57 5
43 58 6
43 59 -9
43 60 -10
43 61 -4
43 62 9
43 63 -3
44 0 -7
44 1 -1
44 2 8
44 3 -4
44 4 -1
44 5 -10
44 6 9
44 8 -1
44 9 6
44 10 4
44 11 10
44 12 8
44 13 10
44 14 8
44 15 -10
44 16 8
44 17 6
44 18 1
44 19 -2
44 20 -6
44 21 -10
44 22 4
44 23 10
44 24 -3
44 25 9
44 26 8
44 27 3
44 28 -1
44 29 -3
44 30 9
44 31 -9
44 33 2
44 34 -7
44 36 -1
44 37 -7
44 38 -7
44 40 -8
44 41 7
44 42 -9
44 43 7
44 44 -3
44 45 -6
44 46 -2
44 47 9
44 48 -10
44 49 9
44 50 -4
44 51 -3
44 52 -7
44 53 -10
44 54 -5
44 55 -6
44 56 -10
44 57 9
44 58 8
44 59 -3
44 60 -4
44 61 8
44 62 9
44 63 -1
45 0 4
45 1 7
45 3 -3
45 4 -7
45 5 -4
45 6 -3
45 7 5
45 8 -10
45 9 6
45 10 -3
45 11 8
45 12 -3
45 13 2
45 14 3
45 15 4
45 16 -8
45 17 -5
45 18 2
45 19 6
45 20 10
45 21 -9
45 22 4
45 23 5
45 24 -3
45 25 -4
45 26 -8
45 27 -1
45 28 -8
45 29 -4
45 30 10
45 31 -5
45 32 9
45 33 -8
45 34 10
45 35 10
45 36 1
45 37 -2
45 38 10
45 39 2
45 40 -10
45 41 -4
45 42 3
45 43 -6
45 44 8
45 45 -2
45 46 9
45 47 10
45 48 -6
45 49 3
45 50 7
45 51 10
45 52 7
45 53 -9
45 54 -2
45 55 9
45 56 8
45 57 -2
45 58 2
45 59 -5
45 60 3
45 61 -2
45 62 10
45 63 -10
46 0 3
46 1 -2
46 2 -10
46 3 -10
46 4 -9
46 5 4
46 6 6
46 7 -3
46 9 8
46 10 -8
46 11 -4
46 12 -6
46 13 1
46 14 5
46 15 2
46 16 -8
46 17 1
46 18 8
46 19 -7
46 20 -2
46 21 4
46 22 5
46 23 9
46 24 -8
46 25 -7
46 26 -7
46 27 4
46 28 9
46 29 9
46 30 8
46 31 -5
46 32 4
46 33 10
46 34 -2
46 35 -9
46 36 9
46 37 6
46 38 -10
46 39 1
46 40 9
46 41 8
46 42 -5
46 43 10
46 44 6
46 45 -8
46 46 -9
46 47 -4
46 48 2
46 49 6
46 50 9
46 51 7
46 52 1
46 53 -5
46 54 -9
46 55 -10
46 56 -10
46 57 -10
46 58 -5
46 59 -1
46 60 -9
46 63 10
47 0 -1
47 1 -6
47 2 -10
47 3 -1
47 4 6
47 5 3
47 6 -4
47 8 4
47 9 -3
47 10 8
47 11 -4
47 12 -3
47 13 -1
47 14 9
47 15 -10
47 16 -5
47 17 5
47 18 5
47 19 10
47 20 -10
47 21 -4
47 22 -9
47 24 9
47 25 -10
47 26 -1
47 27 9
47 28 10
47 30 9
47 31 -2
47 32 -2
47 33 -1
47 34 -2
47 35 7
47 36 9
47 37 -7
47 38 10
47 39 -3
47 40 3
47 41 -9
47 42 -1
47 43 8
47 44 3
47 45 1
47 46 7
47 47 -4
47 48 6
47 49 -6
47 50 -1
47 51 -3
47 52 6
47 53 5
47 54 -5
47 55 6
47 57 3
47 58 2
47 59 10
47 60 4
47 61 1
47 62 7
47 63 -9
48 0 -10
48 1 -3
48 2 10
48 3 5
48 4 2
48 5 9
48 6 6
48 7 8
48 8 7
48 9 -7
48 10 9
48 11 -6
48 12 1
48 14 3
48 15 6
48 16 6
48 17 4
48 18 8
48 19 3
48 20 5
48 21 -2
48 22 -7
48 24 -1
48 25 2
48 26 5
48 27 -2
48 28 -1
48 29 7
48 30 -8
48 32 10
48 33 -6
48 34 -2
48 35 4
48 36 9
48 37 6
48 38 1
48 39 -7
48 40 -1
48 41 -2
48 43 -4
48 44 8
48 45 -4
48 46 -3
48 47 -2
48 48 -9
48 49 -7
48 50 9
48 51 2
48 52 -4
48 53 4
48 54 5
48 55 -3
48 56 -6
48 57 -10
48 58 -6
48 59 -10
48 60 -5
48 61 -9
48 62 -6
48 63 10
49 0 4
49 1 -2
49 2 6
49 3 -6
49 4 -9
49 5 -1
49 6 10
49 7 5
49 8 -1
49 9 -4
49 10 -5
49 11 7
49 12 7
49 13 3
49 14 -5
49 15 5
49 16 -8
49 17 -2
49 18 4
49 19 -5
49 20 -8
49 21 6
49 22 -1
49 23 10
49 24 7
49 25 -5
49 26 -3
49 27 -5
49 28 10
49 29 -1
49 30 -6
49 31 -9
49 32 4
49 33 -10
49 34 -6
49 35 1
49 36 -2
49 37 1
49 39 -6
49 40 8
49 41 -4
49 42 5
49 43 8
49 44 -3
49 45 4
49 46 -4
49 47 -4
49 48 4
49 49 6
49 50 -7
49 51 -6
49 52 10
49 53 -10
49 54 -8
49 55 -1
49 56 -4
49 57 6
49 58 -1
49 59 5
49 60 8
49 61 -9
49 62 -8
49 63 -10
50 0 3
50 1 4
50 2 2
50 3 -2
50 4 -10
50 5 5
50 6 5
50 7 -3
50 10 -9
50 11 10
50 12 -7
50 13 9
50 14 3
50 15 -10
50 16 -10
50 17 -10
50 18 -3
50 19 7
50 21 -8
50 22 1
50 23 6
50 24 2
50 25 9
50 26 -4
50 27 -7
50 28 5
50 29 -2
50 30 -10
50 31 -2
50 33 -4
50 34 3
50 35 -1
50 36 -6
50 37 -7
50 38 -8
50 39 -4
50 40 -6
50 41 7
50 42 -5
50 43 2
50 44 -6
50 45 5
50 46 4
50 47 -7
50 48 1
50 49 7
50 50 4
50 51 -1
50 52 8
50 53 8
50 54 8
50 55 4
50 56 4
50 57 4
50 58 5
50 59 -1
50 60 3
50 61 4
50 62 9
50 63 -2
51 0 -9
51 1 1
51 2 -9
51 3 -6
51 4 8
51 5 -1
51 6 9
51 7 4
51 8 1
51 9 -3
51 10 5
51 11 -7
51 12 -9
51 13 -3
51 14 -9
51 15 -1
51 16 4
51 18 -9
51 19 8
51 20 2
51 21 2
51 22 10
51 23 -6
51 24 2
51 25 4
51 26 -10
51 27 10
51 28 8
51 29 4
51 30 2
51 31 -2
51 32 1
51 33 3
51 34 7
51 35 1
51 36 1
51 37 -6
51 38 2
51 39 6
51 40 7
51 41 9
51 42 -4
51 43 4
51 44 1
51 45 -5
51 46 2
51 47 10
51 48 9
51 49 2
51 50 6
51 51 -4
51 52 4
51 53 -10
51 54 -10
51 55 1
51 56 -2
51 57 -2
51 58 10
51 59 4
51 60 5
51 61 -3
51 62 -2
52 1 -8
52 2 10
52 3 -5
52 4 10
52 5 8
52 6 -1
52 7 2
52 9 -5
52 10 10
52 11 6
52 12 9
52 13 -7
52 14 3
52 15 -5
52 16 3
52 18 9
52 19 -3
52 20 4
52 21 -6
52 22 -10
52 23 7
52 24 7
52 25 2
52 26 7
52 27 1
52 29 6
52 30 4
52 31 -2
52 32 5
52 33 -6
52 34 10
52 35 6
52 36 -1
52 37 9
52 38 1
52 39 2
52 40 -3
52 41 -8
52 42 10
52 43 8
52 44 -10
52 45 -5
52 46 -3
52 47 -9
52 48 -2
52 49 -9
52 50 2
52 51 8
52 52 9
52 53 -3
52 54 2
52 55 -2
52 56 -9
52 57 -4
52 58 -4
52 59 5
52 60 -3
52 61 -7
52 62 -2
52 63 -8
53 0 -10
53 1 10
53 2 -6
53 3 1
53 5 -1
53 6 -4
53 7 1
53 8 1
53 9 4
53 10 10
53 11 -6
53 12 4
53 13 6
53 14 6
53 15 -2
53 16 -2
53 17 3
53 18 9
53 19 7
53 20 8
53 21 -3
53 22 7
53 23 8
53 24 -5
53 25 1
53 26 -3
53 27 -1
53 28 -3
53 29 -10
53 30 1
53 31 -10
53 32 8
53 33 -2
53 34 -2
53 35 3
53 36 2
53 37 -4
53 38 1
53 39 -10
53 40 6
53 41 7
53 42 -5
53 43 1
53 44 9
53 46 -6
53 47 5
53 48 -10
53 49 3
53 50 -3
53 51 -3
53 52 -4
53 53 8
53 54 -3
53 55 3
53 56 8
53 57 -1
53 58 -5
53 59 9
53 60 6
53 61 10
53 62 5
53 63 -4
54 0 -8
54 1 -4
54 2 -5
54 3 6
54 4 -10
54 5 -8
54 6 -9
54 7 3
54 8 -6
54 9 -6
54 10 -6
54 11 -10
54 12 9
54 13 2
54 14 -3
54 15 4
54 16 10
54 17 -7
54 18 1
54 19 9
54 20 5
54 21 -4
54 22 5
54 23 10
54 24 6
54 25 -3
54 27 -7
54 28 -1
54 29 2
54 30 -6
54 31 10
54 32 -1
54 33 9
54 34 9
54 35 5
54 36 2
54 37 -5
54 38 3
54 39 -8
54 40 3
54 41 7
54 42 -9
54 43 -2
54 44 2
54 45 -3
54 46 2
54 48 2
54 49 -5
54 50 2
54 51 -7
54 52 8
54 53 2
54 55 -7
54 56 10
54 57 6
54 58 10
54 59 3
54 60 10
54 61 10
54 62 8
54 63 6
55 0 -4
55 1 9
55 2 7
55 3 7
55 4 4
55 5 7
55 6 -8
55 7 9
55 8 9
55 9 5
55 10 4
55 11 -9
55 12 -9
55 13 8
55 14 -2
55 15 10
55 16 -7
55 17 10
55 18 -4
55 20 -6
55 21 -2
55 22 -6
55 23 8
55 24 -8
55 25 -6
55 26 -8
55 27 -6
55 28 10
55 29 6
55 30 7
55 31 -1
55 32 -9
55 33 -10
55 34 -2
55 35 8
55 36 6
55 37 2
55 38 3
55 39 -4
55 40 5
55 41 9
55 42 8
55 43 -8
55 44 -8
55 45 1
55 46 8
55 47 3
55 48 7
55 49 -9
55 50 2
55 51 -9
55 52 5
55 53 -5
55 54 3
55 55 4
55 56 8
55 57 8
55 58 6
55 59 -4
55 60 3
55 61 -10
55 62 1
56 0 5
56 1 -2
56 2 -1
56 3 10
56 4 5
56 5 3
56 6 -10
56 7 -7
56 8 -6
56 9 -8
56 10 7
56 11 -8
56 12 -1
56 14 6
56 15 -6
56 16 3
56 17 2
56 18 -10
56 19 7
56 20 -9
56 21 5
56 22 3
56 23 7
56 24 -2
56 25 -5
56 26 -4
56 27 1
56 28 2
56 29 -8
56 30 -4
56 31 6
56 32 6
56 33 1
56 34 1
56 35 10
56 36 -5
56 37 -10
56 39 6
56 40 7
56 41 -9
56 42 -2
56 43 -3
56 44 2
56 45 3
56 46 10
56 47 -8
56 48 1
56 49 -3
56 50 8
56 51 -5
56 52 -10
56 53 -7
56 54 -8
56 55 -2
56 56 -10
56 58 -8
56 59 8
56 60 10
56 61 3
56 62 4
56 63 -10
57 0 2
57 1 2
57 2 -1
57 3 -9
57 4 -3
57 5 -1
57 6 -8
57 7 8
57 8 -6
57 9 4
57 10 -7
57 11 -2
57 12 10
57 13 3
57 14 -9
57 15 8
57 16 -1
57 17 2
57 18 5
57 19 -5
57 20 5
57 21 7
57 22 -4
57 24 9
57 25 6
57 26 10
57 27 10
57 28 -3
57 29 -7
57 30 6
57 31 8
57 32 7
57 33 6
57 34 9
57 35 -8
57 36 -6
57 37 8
57 38 5
57 39 8
57 40 4
57 41 4
57 42 -2
57 43 6
57 44 -1
57 45 4
57 46 -7
57 47 -10
57 48 -4
57 49 9
57 50 -2
57 51 -6
57 52 5
57 53 10
57 54 10
57 55 -1
57 56 10
57 57 4
57 58 9
57 59 -4
57 60 -2
57 61 -10
57 62 7
57 63 9
58 0 -8
58 1 -6
58 2 8
58 3 2
58 4 9
58 5 10
58 6 -1
58 7 9
58 8 -1
58 9 -2
58 10 9
58 11 -2
58 12 9
58 13 -3
58 14 -5
58 15 -9
58 16 10
58 17 -4
58 18 4
58 19 -3
58 20 -5
58 21 3
58 23 5
58 24 -5
58 25 -1
58 26 -2
58 27 10
58 28 -8
58 29 -4
58 30 4
58 31 3
58 32 9
58 33 5
58 34 9
58 35 -4
58 36 9
58 37 -9
58 38 -1
58 39 6
58 40 -2
58 41 5
58 42 8
58 43 9
58 44 8
58 45 8
58 46 6
58 47 -2
58 48 6
58 49 -7
58 50 1
58 51 -9
58 52 -4
58 53 5
58 54 -9
58 55 1
58 56 -8
58 58 -8
58 59 -3
58 60 9
58 61 -5
58 62 8
58 63 6
59 0 -8
59 1 6
59 2 -1
59 3 5
59 4 -5
59 5 -9
59 6 -2
59 7 5
59 8 -1
59 9 -7
59 10 -2
59 11 10
59 12 -5
59 13 -8
59 14 -8
59 15 4
59 16 4
59 17 -10
59 19 -1
59 21 -10
59 22 10
59 23 -5
59 25 1
59 26 10
59 27 -5
59 28 -5
59 29 8
59 31 -3
59 32 5
59 33 -6
59 34 -5
59 35 -7
59 36 -6
59 37 3
59 38 6
59 39 -9
59 40 -5
59 41 -5
59 42 -8
59 43 9
59 44 8
59 45 8
59 46 4
59 48 4
59 49 8
59 50 6
59 51 -10
59 52 7
59 53 3
59 54 1
59 55 -2
59 56 -8
59 57 10
59 58 -7
59 59 4
59 60 -4
59 61 -5
59 62 2
59 63 5
60 0 9
60 1 9
60 2 10
60 3 -2
60 4 5
60 5 -5
60 6 10
60 7 10
60 8 -5
60 9 6
60 10 5
60 11 -9
60 12 1
60 13 -6
60 14 -6
60 15 -5
60 16 -6
60 17 4
60 18 4
60 19 -4
60 20 -6
60 21 4
60 22 -8
60 24 2
60 25 6
60 26 4
60 27 -9
60 28 2
60 29 -1
60 30 -10
60 31 -1
60 32 -1
60 33 -8
60 34 -10
60 35 2
60 36 8
60 37 6
60 38 -6
60 39 4
60 40 -8
60 41 6
60 42 7
60 43 -1
60 44 10
60 45 3
60 46 3
60 47 -8
60 49 7
60 50 4
60 51 -7
60 52 -10
60 53 3
60 55 4
60 57 -8
60 58 1
60 59 5
60 60 -2
60 61 -3
61 0 3
61 1 -10
61 2 -4
61 3 7
61 4 7
61 5 -10
61 6 6
61 7 3
61 8 -3
61 9 4
61 10 -7
61 11 2
61 12 8
61 13 -8
61 15 8
61 16 -10
61 17 -4
61 18 8
61 19 6
61 20 -7
61 21 -8
61 22 -8
61 23 -10
61 24 9
61 25 -7
61 26 5
61 27 6
61 28 2
61 29 10
61 30 -8
61 31 -10
61 32 5
61 33 -4
61 34 -7
61 35 -2
61 36 2
61 37 -9
61 38 7
61 39 -10
61 41 6
61 42 -8
61 43 3
61 44 8
61 47 -1
61 48 4
61 49 -10
61 50 -7
61 51 -3
61 52 -8
61 53 -4
61 54 -9
61 55 -4
61 56 7
61 57 -6
61 58 10
61 59 4
61 60 -2
61 61 -3
61 62 3
61 63 2
62 0 1
62 1 6
62 2 -4
62 3 -5
62 4 3
62 5 -6
62 6 -6
62 7 9
62 8 -5
62 9 -10
62 10 2
62 11 -5
62 12 -1
62 13 6
62 14 -7
62 15 -1
62 16 -2
62 17 -5
62 18 2
62 19 -9
62 20 -3
62 21 -10
62 22 -6
62 23 8
62 24 -10
62 25 8
62 26 7
62 27 -10
62 28 -8
62 29 -10
62 30 9
62 31 -9
62 32 9
62 33 5
62 34 1
62 35 -2
62 36 -3
62 37 -10
62 38 -7
62 39 7
62 40 -5
62 41 9
62 42 -8
62 43 3
62 44 -10
62 45 -1
62 46 -10
62 47 -9
62 48 6
62 49 4
62 50 -9
62 52 6
62 53 4
62 54 2
62 55 10
62 56 -9
62 57 4
62 58 -8
62 59 3
62 60 -8
62 61 5
62 62 -1
62 63 -2
63 0 -1
63 1 -10
63 2 -7
63 3 -1
63 4 9
63 5 -9
63 6 7
63 7 -9
63 9 -1
63 10 3
63 11 8
63 12 -10
63 13 -6
63 14 -6
63 15 -8
63 16 -9
63 17 -3
63 18 1
63 19 6
63 20 -6
63 21 -6
63 22 5
63 23 6
63 24 -5
63 25 1
63 26 -3
63 27 4
63 28 2
63 29 8
63 30 -8
63 31 1
63 32 -4
63 33 7
63 34 -1
63 35 -1
63 36 1
63 37 -1
63 38 -9
63 39 10
63 40 4
63 41 8
63 42 9
63 43 -3
63 44 7
63 45 6
63 46 -3
63 47 -4
63 48 -8
63 49 -5
63 51 5
63 52 -6
63 53 8
63 54 -10
63 55 -3
63 56 3
63 57 1
63 58 -2
63 59 -9
63 60 -7
63 61 -10
63 62 2
63 63 7
