64 64
0 0 10
0 1 -2
0 2 3
0 3 -5
0 4 10
0 5 -1
0 6 -5
0 7 4
0 8 9
0 10 9
0 11 8
0 12 6
0 13 -1
0 14 8
0 15 3
0 16 -2
0 17 -3
0 18 -5
0 19 8
0 21 -7
0 23 -5
0 24 -10
0 25 5
0 26 -5
0 28 4
0 29 -1
0 30 8
0 31 -7
0 32 -10
0 33 -5
0 34 1
0 35 -1
0 37 2
0 38 -4
0 39 -5
0 40 -2
0 42 5
0 43 7
0 44 -2
0 45 -3
0 46 1
0 47 -8
0 48 -8
0 49 -7
0 50 -2
0 51 1
0 52 -6
0 53 -4
0 54 -7
0 55 -2
0 56 1
0 57 2
0 58 -10
0 59 -10
0 60 -1
0 61 3
0 62 3
0 63 -4
1 0 -1
1 1 -2
1 2 -5
1 3 8
1 4 2
1 5 -6
1 6 -6
1 7 6
1 9 -5
1 10 9
1 11 -3
1 12 10
1 13 2
1 14 -8
1 15 4
1 16 5
1 17 -5
1 18 3
1 19 10
1 20 3
1 22 -1
1 23 -4
1 24 -7
1 25 10
1 26 6
1 27 -9
1 28 -1
1 29 10
1 30 -10
1 31 -3
1 32 -1
1 33 9
1 34 -5
1 35 5
1 36 -2
1 37 -6
1 38 -8
1 39 -6
1 40 -10
1 41 -1
1 42 7
1 43 -10
1 44 -3
1 45 10
1 46 7
1 47 8
1 48 6
1 49 -3
1 50 -4
1 51 -10
1 52 -6
1 53 7
1 54 6
1 55 -5
1 56 -6
1 57 -7
1 58 7
1 59 -8
1 60 -7
1 61 5
1 62 -1
1 63 6
2 0 10
2 1 -2
2 2 -3
2 3 -10
2 4 9
2 6 9
2 7 -4
2 8 9
2 9 7
2 10 -5
2 11 8
2 13 10
2 14 10
2 15 -3
2 16 8
2 17 6
2 18 6
2 19 8
2 20 3
2 21 -4
2 22 2
2 23 -8
2 24 7
2 25 -8
2 26 10
2 27 10
2 28 8
2 29 -6
2 31 2
2 32 7
2 33 -6
2 34 -9
2 35 -7
2 36 1
2 37 -10
2 38 1
2 39 4
2 40 -5
2 41 3
2 42 -9
2 43 6
2 44 -4
2 45 -7
2 46 2
2 47 -2
2 48 -7
2 50 -4
2 51 -6
2 52 9
2 53 -6
2 54 -10
2 55 1
2 56 9
2 57 2
2 58 -6
2 61 10
2 62 4
2 63 -2
3 0 -7
3 2 -4
3 3 2
3 4 6
3 5 4
3 6 3
3 7 4
3 8 -7
3 9 8
3 10 3
3 11 5
3 12 -1
3 13 -3
3 14 -8
3 15 1
3 16 -9
3 17 -6
3 18 -2
3 19 -6
3 20 9
3 21 8
3 22 -2
3 23 -9
3 24 -5
3 25 -1
3 26 -8
3 27 8
3 28 2
3 29 5
3 30 3
3 31 7
3 32 -5
3 33 -3
3 34 -10
3 35 -9
3 36 -6
3 37 3
3 38 4
3 39 2
3 40 -7
3 41 10
3 42 8
3 43 -5
3 44 1
3 45 9
3 47 -4
3 48 -7
3 49 -8
3 50 -3
3 51 3
3 52 -6
3 53 -2
3 54 6
3 55 7
3 58 9
3 59 6
3 60 5
3 61 -7
3 62 5
3 63 -3
4 0 1
4 2 10
4 3 4
4 4 -6
4 5 -7
4 6 -5
4 7 -8
4 8 -10
4 9 8
4 10 4
4 12 4
4 13 10
4 14 9
4 15 -9
4 16 8
4 17 6
4 18 -2
4 19 -5
4 20 -3
4 21 -4
4 22 -4
4 23 -4
4 24 -6
4 25 1
4 26 5
4 27 9
4 28 5
4 29 6
4 30 5
4 31 7
4 32 8
4 33 3
4 35 -9
4 36 5
4 37 -8
4 39 -1
4 40 2
4 41 -6
4 42 6
4 43 7
4 44 -9
4 45 9
4 46 -7
4 47 -10
4 48 1
4 49 -9
4 50 8
4 51 -8
4 52 -10
4 53 -1
4 56 7
4 57 8
4 58 -4
4 59 10
4 60 5
4 61 -3
4 62 8
4 63 -7
5 1 7
5 2 5
5 3 -8
5 4 2
5 5 -5
5 6 8
5 7 -2
5 8 8
5 9 -7
5 10 -2
5 11 8
5 12 -6
5 13 7
5 14 7
5 15 8
5 16 9
5 17 -1
5 18 7
5 19 -5
5 20 1
5 21 -7
5 22 -7
5 23 9
5 24 4
5 25 -7
5 26 2
5 27 1
5 28 2
5 29 -6
5 30 4
5 31 8
5 33 -8
5 34 7
5 35 -9
5 36 4
5 37 6
5 38 6
5 39 -9
5 40 -1
5 41 2
5 42 -10
5 43 7
5 44 -10
5 46 6
5 47 -8
5 48 -4
5 49 2
5 50 -9
5 51 -4
5 52 7
5 53 7
5 54 2
5 55 -3
5 56 8
5 57 -1
5 58 -7
5 59 8
5 60 9
5 61 -6
5 62 -7
5 63 -6
6 0 -4
6 1 5
6 2 -5
6 3 7
6 4 -4
6 5 6
6 6 8
6 8 5
6 9 -5
6 10 2
6 11 -10
6 12 -8
6 13 9
6 14 -7
6 15 5
6 16 3
6 17 -8
6 18 -6
6 19 3
6 20 -1
6 21 2
6 22 6
6 23 -2
6 24 3
6 25 1
6 26 -1
6 27 -1
6 28 -9
6 29 -9
6 30 -6
6 31 -2
6 32 -4
6 33 -1
6 34 -5
6 35 -1
6 36 -8
6 37 1
6 38 -1
6 39 5
6 40 -10
6 41 3
6 42 -5
6 43 -7
6 44 -2
6 45 -1
6 46 1
6 47 -3
6 48 -8
6 49 7
6 50 -8
6 51 9
6 52 5
6 53 -6
6 54 -8
6 55 -4
6 56 1
6 57 8
6 58 3
6 59 10
6 60 -5
6 61 -1
6 62 6
6 63 -5
7 0 -5
7 1 -8
7 2 -10
7 3 4
7 4 -7
7 5 1
7 6 3
7 7 -10
7 8 10
7 9 2
7 10 10
7 11 2
7 12 -6
7 13 1
7 14 -10
7 15 9
7 16 -10
7 17 5
7 18 -9
7 19 7
7 21 5
7 22 1
7 23 6
7 24 7
7 25 5
7 26 -4
7 27 -5
7 28 -7
7 29 -7
7 30 -10
7 31 -6
7 32 1
7 33 -2
7 34 -3
7 35 -10
7 36 4
7 37 4
7 38 -1
7 39 10
7 40 -3
7 41 3
7 42 7
7 43 -2
7 44 -7
7 45 -8
7 46 -9
7 47 -1
7 48 5
7 49 1
7 50 -2
7 51 8
7 52 3
7 53 6
7 54 -9
7 55 9
7 56 4
7 57 8
7 58 7
7 59 4
7 61 9
7 62 -3
7 63 1
8 0 5
8 1 -6
8 2 1
8 3 8
8 4 -2
8 5 3
8 6 10
8 7 1
8 8 5
8 9 6
8 10 -8
8 11 -1
8 12 8
8 13 7
8 14 3
8 15 10
8 16 6
8 17 -6
8 18 -8
8 19 6
8 20 4
8 21 5
8 22 -9
8 23 6
8 24 1
8 25 -6
8 26 5
8 27 9
8 28 -10
8 29 -10
8 30 10
8 31 1
8 32 5
8 33 8
8 34 1
8 35 -4
8 36 -1
8 37 4
8 38 -4
8 39 5
8 40 3
8 41 1
8 42 -9
8 43 -5
8 44 10
8 45 10
8 46 2
8 47 8
8 48 10
8 49 3
8 51 10
8 52 3
8 53 -10
8 54 8
8 55 5
8 56 9
8 58 -7
8 59 8
8 60 -7
8 61 -4
8 62 -4
8 63 10
9 0 6
9 2 -9
9 3 -2
9 4 10
9 5 -3
9 6 -2
9 7 10
9 8 2
9 9 7
9 10 -9
9 11 8
9 12 3
9 13 -3
9 14 -7
9 15 10
9 16 4
9 17 -9
9 18 10
9 20 -4
9 22 5
9 23 10
9 24 7
9 25 2
9 26 -10
9 27 -8
9 28 10
9 29 -9
9 30 7
9 31 -9
9 32 -7
9 33 2
9 34 -6
9 35 -2
9 36 -6
9 37 -7
9 38 8
9 39 -2
9 40 -7
9 41 3
9 42 6
9 43 9
9 44 4
9 45 -3
9 46 4
9 47 3
9 48 3
9 49 7
9 50 -8
9 51 7
9 52 -6
9 53 6
9 55 -4
9 56 -7
9 57 -8
9 58 7
9 59 -9
9 60 -2
9 61 9
9 62 4
9 63 -1
10 0 -2
10 1 -9
10 2 -6
10 3 -2
10 4 -8
10 5 8
10 6 10
10 8 -4
10 9 -8
10 10 -6
10 11 -1
10 12 -8
10 13 4
10 14 3
10 15 -5
10 16 -9
10 17 -7
10 18 -2
10 19 8
10 20 -9
10 21 10
10 22 3
10 23 6
10 24 7
10 26 1
10 27 2
10 28 3
10 29 -6
10 30 7
10 31 9
10 32 -2
10 33 9
10 34 4
10 35 -1
10 36 -5
10 37 -7
10 38 1
10 39 -1
10 40 5
10 41 -2
10 42 -4
10 43 10
10 44 10
10 45 6
10 46 8
10 47 1
10 48 1
10 49 9
10 50 -3
10 51 9
10 52 -2
10 53 2
10 54 6
10 55 -1
10 57 9
10 58 9
10 59 4
10 60 7
10 61 4
10 62 10
10 63 -6
11 0 -4
11 1 -2
11 2 3
11 3 5
11 4 -2
11 5 6
11 6 9
11 7 9
11 8 3
11 9 1
11 10 -5
11 11 9
11 12 1
11 13 -5
11 14 -10
11 15 -7
11 16 -2
11 17 6
11 18 5
11 19 3
11 20 6
11 21 3
11 22 -3
11 23 6
11 24 -4
11 25 -5
11 26 3
11 27 -3
11 28 1
11 29 7
11 30 10
11 31 -8
11 32 6
11 33 -9
11 34 3
11 35 1
11 36 -6
11 37 2
11 38 9
11 39 7
11 40 -9
11 41 -3
11 42 2
11 43 -2
11 44 2
11 45 10
11 46 -9
11 47 -4
11 48 1
11 49 -7
11 50 -3
11 52 -3
11 53 -6
11 54 -8
11 56 -4
11 57 -6
11 58 5
11 59 8
11 60 5
11 61 6
11 62 1
11 63 -3
12 0 1
12 1 -10
12 2 2
12 3 -4
12 4 4
12 6 9
12 7 -6
12 8 -1
12 10 5
12 11 7
12 12 -2
12 13 -4
12 14 4
12 15 -4
12 16 2
12 17 -8
12 18 2
12 19 -5
12 20 -6
12 21 2
12 22 -5
12 23 -10
12 24 -5
12 25 6
12 26 10
12 27 -7
12 28 10
12 29 -4
12 31 9
12 32 3
12 33 -1
12 34 9
12 35 -4
12 36 -9
12 37 -2
12 38 8
12 40 1
12 41 -6
12 42 -3
12 43 4
12 44 8
12 45 9
12 46 8
12 47 3
12 48 -8
12 49 8
12 50 -7
12 51 8
12 52 -7
12 53 8
12 54 -3
12 55 -2
12 56 -4
12 57 9
12 59 -10
12 61 -6
12 63 10
13 0 -10
13 1 -8
13 2 4
13 3 8
13 4 -10
13 5 -7
13 6 7
13 7 8
13 8 4
13 9 -3
13 10 -2
13 11 -1
13 12 1
13 13 -9
13 14 4
13 15 -4
13 16 -9
13 17 7
13 18 5
13 19 5
13 20 -2
13 21 -4
13 22 -10
13 23 -9
13 24 2
13 25 1
13 26 8
13 27 5
13 28 -10
13 29 -4
13 30 5
13 31 -5
13 32 1
13 33 -9
13 34 -2
13 35 -3
13 36 5
13 37 -2
13 38 6
13 39 9
13 40 -10
13 41 7
13 42 1
13 43 7
13 44 -3
13 45 1
13 46 -9
13 47 -2
13 48 8
13 49 -8
13 50 8
13 51 3
13 52 10
13 53 -4
13 54 -10
13 55 2
13 56 -1
13 57 -7
13 58 -7
13 59 7
13 60 -3
13 61 4
13 62 -8
13 63 -4
14 0 10
14 1 -3
14 2 -1
14 3 -4
14 4 -6
14 5 7
14 6 7
14 7 -6
14 8 10
14 9 -4
14 10 5
14 11 -5
14 12 -8
14 14 1
14 15 -9
14 18 10
14 19 -4
14 20 -4
14 21 -5
14 22 -6
14 23 -9
14 24 2
14 25 2
14 26 4
14 27 9
14 28 2
14 29 -1
14 30 10
14 31 9
14 32 -10
14 33 -9
14 34 -9
14 35 6
14 36 6
14 37 -7
14 38 2
14 39 9
14 40 1
14 41 3
14 42 -7
14 43 10
14 44 10
14 45 -6
14 46 -5
14 47 6
14 48 -3
14 49 -2
14 50 -2
14 51 7
14 52 -3
14 53 -7
14 54 9
14 55 8
14 56 -10
14 57 5
14 58 -7
14 59 -1
14 60 -9
14 61 -8
14 62 -9
15 0 -2
15 1 -2
15 2 9
15 3 7
15 4 4
15 5 9
15 6 2
15 7 -10
15 8 5
15 9 -2
15 10 4
15 11 2
15 12 9
15 13 -1
15 14 10
15 15 -8
15 16 -5
15 17 -10
15 18 2
15 19 8
15 20 9
15 21 -5
15 22 -10
15 23 8
15 24 4
15 25 -4
15 26 -3
15 27 10
15 28 6
15 29 2
15 30 -8
15 31 -10
15 32 10
15 33 -1
15 34 7
15 35 6
15 36 7
15 37 -8
15 38 -6
15 39 -4
15 40 2
15 41 -7
15 42 -5
15 43 -2
15 44 -6
15 45 -8
15 46 -2
15 47 -5
15 48 10
15 49 1
15 50 -2
15 51 -7
15 52 -3
15 53 7
15 54 8
15 55 -7
15 56 8
15 57 -2
15 58 1
15 59 10
15 60 5
15 61 -1
15 62 -6
15 63 8
16 0 2
16 1 -6
16 2 8
16 3 2
16 4 2
16 5 4
16 7 7
16 8 9
16 9 1
16 10 3
16 11 10
16 12 -7
16 13 9
16 14 -6
16 16 -4
16 17 1
16 18 7
16 19 -9
16 20 4
16 21 7
16 22 -4
16 23 7
16 24 -4
16 25 -4
16 26 -3
16 27 -9
16 28 2
16 29 4
16 30 7
16 31 6
16 32 -10
16 33 10
16 34 -4
16 35 7
16 36 6
16 38 -9
16 39 2
16 40 1
16 41 6
16 42 -3
16 43 7
16 44 10
16 45 -3
16 46 2
16 47 5
16 48 -9
16 49 8
16 50 -4
16 51 -9
16 52 10
16 53 3
16 54 -9
16 55 2
16 56 -4
16 57 3
16 58 3
16 59 6
16 61 -8
16 62 5
16 63 -7
17 1 -6
17 2 -9
17 3 5
17 4 3
17 5 -9
17 6 -2
17 7 -10
17 9 3
17 10 2
17 11 10
17 12 10
17 13 2
17 14 9
17 15 4
17 16 -8
17 17 -1
17 18 -1
17 19 6
17 20 -9
17 22 3
17 23 -2
17 24 -4
17 25 7
17 26 8
17 27 -3
17 28 -5
17 29 4
17 30 9
17 31 1
17 32 -7
17 33 9
17 34 -10
17 36 1
17 37 5
17 38 -7
17 39 10
17 40 9
17 41 5
17 42 5
17 43 -3
17 44 -8
17 45 -2
17 46 8
17 47 -4
17 48 8
17 49 6
17 50 -6
17 51 1
17 52 -3
17 53 4
17 54 1
17 56 8
17 57 -1
17 58 8
17 59 -7
17 60 -3
17 61 6
17 63 -7
18 1 -1
18 3 -2
18 4 5
18 5 3
18 6 -1
18 7 6
18 8 -8
18 9 -2
18 10 6
18 11 1
18 12 -10
18 13 6
18 14 -6
18 15 6
18 16 7
18 17 6
18 18 4
18 19 7
18 20 -3
18 21 9
18 22 4
18 23 -2
18 24 2
18 25 -7
18 26 7
18 27 5
18 28 -5
18 30 3
18 31 -4
18 32 -9
18 33 5
18 34 -2
18 35 -8
18 36 -4
18 37 -7
18 38 3
18 39 7
18 40 8
18 42 -9
18 43 2
18 44 -8
18 45 3
18 46 2
18 47 -6
18 48 5
18 49 9
18 51 -1
18 52 2
18 53 4
18 54 -5
18 55 -3
18 56 -4
18 57 1
18 58 -10
18 59 4
18 60 -5
18 61 -10
18 62 -2
18 63 -1
19 0 -2
19 1 10
19 2 10
19 3 3
19 4 9
19 5 -8
19 6 2
19 7 -3
19 8 -5
19 9 2
19 10 5
19 11 -10
19 12 2
19 13 -9
19 14 6
19 15 2
19 16 10
19 17 5
19 18 -6
19 19 2
19 20 1
19 21 -3
19 22 -3
19 23 2
19 24 -2
19 25 -6
19 26 8
19 27 4
19 28 7
19 29 -10
19 30 8
19 31 10
19 32 3
19 33 6
19 34 -2
19 35 -2
19 36 -4
19 37 1
19 38 8
19 39 -7
19 40 -8
19 41 -5
19 42 -6
19 43 -2
19 44 -7
19 45 3
19 46 5
19 47 9
19 48 7
19 49 -5
19 50 2
19 51 10
19 52 9
19 53 6
19 54 -6
19 55 -10
19 56 -3
19 57 -8
19 58 -3
19 59 5
19 60 2
19 61 -3
19 62 6
20 0 -9
20 1 2
20 2 -4
20 3 -10
20 4 -8
20 5 4
20 7 1
20 8 10
20 9 6
20 10 1
20 11 1
20 12 8
20 13 10
20 14 -1
20 15 -6
20 16 -5
20 17 3
20 18 -1
20 19 1
20 20 4
20 23 -9
20 24 -10
20 25 -10
20 26 6
20 27 -4
20 28 -2
20 29 -4
20 30 -8
20 31 10
20 32 5
20 33 10
20 34 4
20 35 -2
20 36 9
20 37 10
20 38 6
20 39 6
20 40 -3
20 41 4
20 43 -3
20 44 -8
20 45 2
20 46 3
20 47 7
20 48 -7
20 49 10
20 50 3
20 51 7
20 52 -5
20 53 3
20 54 1
20 55 8
20 57 -3
20 59 1
20 61 -4
20 62 10
20 63 -4
21 0 -1
21 1 10
21 2 -9
21 3 9
21 4 -8
21 5 -6
21 6 -9
21 7 -7
21 8 10
21 9 -10
21 10 6
21 11 9
21 12 -4
21 13 6
21 14 4
21 15 -6
21 16 6
21 17 -6
21 18 -1
21 19 -4
21 21 -2
21 22 3
21 23 -7
21 24 -5
21 25 -4
21 26 -9
21 27 3
21 28 -4
21 29 -8
21 30 -7
21 31 -8
21 32 -4
21 33 6
21 34 5
21 35 8
21 36 -4
21 37 7
21 38 -4
21 39 6
21 40 -7
21 41 4
21 42 4
21 43 10
21 44 -4
21 45 -2
21 46 -6
21 47 4
21 48 8
21 49 8
21 50 -10
21 51 9
21 52 -10
21 53 -4
21 54 3
21 56 -7
21 57 10
21 58 7
21 59 4
21 60 -2
21 61 -6
21 62 -9
21 63 -1
22 0 10
22 1 -5
22 2 8
22 3 -1
22 4 -5
22 5 -8
22 6 -5
22 7 -1
22 8 -2
22 9 -8
22 10 -2
22 11 -1
22 12 5
22 13 -3
22 14 -6
22 15 -9
22 16 -7
22 17 9
22 18 -6
22 19 7
22 20 2
22 21 8
22 22 -5
22 23 7
22 24 -7
22 25 6
22 26 4
22 27 9
22 28 3
22 29 -4
22 30 8
22 31 8
22 33 -3
22 34 7
22 35 -1
22 36 2
22 37 -8
22 38 -1
22 39 3
22 40 -10
22 41 5
22 42 1
22 43 10
22 44 2
22 45 7
22 46 -4
22 47 10
22 48 9
22 49 -3
22 50 -6
22 51 -6
22 52 -7
22 53 -4
22 54 -9
22 55 -1
22 56 1
22 57 -8
22 58 -10
22 59 -5
22 60 9
22 61 -10
22 62 6
22 63 7
23 0 -5
23 1 -8
23 2 -4
23 3 -3
23 4 9
23 5 -1
23 6 -2
23 7 -3
23 8 -1
23 9 -10
23 10 6
23 11 -4
23 12 3
23 13 -3
23 14 3
23 15 3
23 16 9
23 17 -6
23 18 9
23 19 10
23 20 2
23 21 8
23 25 -3
23 26 9
23 27 -3
23 28 -9
23 29 -4
23 30 -2
23 31 10
23 32 -10
23 33 6
23 34 1
23 35 10
23 36 1
23 37 10
23 38 -8
23 39 4
23 40 3
23 41 -6
23 42 1
23 43 2
23 44 6
23 45 5
23 46 -3
23 47 -4
23 48 7
23 49 -4
23 50 -9
23 51 -2
23 52 6
23 53 -9
23 54 1
23 55 -1
23 56 2
23 59 8
23 60 -3
23 62 9
23 63 -2
24 0 -4
24 1 -6
24 2 2
24 3 9
24 4 -9
24 5 3
24 6 -7
24 7 -3
24 8 -7
24 9 10
24 10 10
24 11 6
24 12 -4
24 13 7
24 14 8
24 15 -5
24 16 3
24 17 1
24 18 -3
24 19 4
24 20 -3
24 21 -6
24 22 -10
24 23 -4
24 24 -4
24 25 -7
24 26 6
24 27 10
24 28 -6
24 29 3
24 30 6
24 31 -3
24 32 5
24 33 5
24 34 10
24 35 -8
24 37 8
24 38 9
24 39 2
24 40 -10
24 41 -3
24 42 2
24 44 1
24 45 2
24 47 -5
24 48 4
24 49 2
24 50 -1
24 51 4
24 52 10
24 53 2
24 54 -3
24 55 1
24 56 -6
24 57 6
24 58 4
24 59 -6
24 60 8
24 61 5
24 62 -10
24 63 -3
25 0 4
25 1 2
25 3 4
25 4 -4
25 5 2
25 6 9
25 7 6
25 8 2
25 9 5
25 10 5
25 11 6
25 12 3
25 13 4
25 14 -6
25 15 -5
25 16 9
25 18 4
25 19 -4
25 20 7
25 21 -9
25 22 3
25 23 -1
25 24 8
25 25 -9
25 26 -6
25 27 7
25 28 7
25 30 -5
25 31 -9
25 32 6
25 33 -6
25 34 -3
25 35 2
25 36 -5
25 37 10
25 38 9
25 39 2
25 40 -7
25 41 5
25 42 7
25 43 9
25 44 -8
25 45 4
25 46 -2
25 47 -1
25 48 -3
25 49 6
25 50 -7
25 51 10
25 52 -8
25 53 5
25 54 -3
25 55 -7
25 56 -2
25 57 -5
25 58 9
25 59 -2
25 60 -6
25 61 -5
25 62 3
25 63 -5
26 0 -3
26 1 1
26 2 3
26 3 8
26 5 -1
26 6 5
26 7 10
26 8 1
26 9 -4
26 10 5
26 11 3
26 12 1
26 13 4
26 14 -9
26 15 3
26 16 7
26 17 -1
26 18 -4
26 19 1
26 20 9
26 21 -2
26 22 10
26 23 -8
26 24 5
26 25 -10
26 26 -4
26 27 3
26 29 -6
26 30 -2
26 31 -3
26 32 -4
26 33 5
26 34 -2
26 35 -1
26 36 -2
26 37 -2
26 38 1
26 39 9
26 40 8
26 41 4
26 42 -10
26 43 -4
26 44 -1
26 45 7
26 46 3
26 47 8
26 48 -2
26 49 7
26 50 -3
26 51 -6
26 52 9
26 54 3
26 55 2
26 56 -8
26 57 -8
26 58 -5
26 59 -4
26 61 -5
26 62 5
26 63 -2
27 1 8
27 2 -2
27 3 -7
27 4 3
27 5 -5
27 6 -10
27 7 8
27 8 2
27 9 -1
27 10 -7
27 11 10
27 12 -1
27 13 -6
27 14 8
27 15 6
27 16 -3
27 17 10
27 18 -6
27 19 -8
27 20 1
27 21 -2
27 22 -10
27 23 8
27 24 1
27 25 1
27 27 -8
27 28 -4
27 29 6
27 30 4
27 31 -9
27 32 -1
27 33 -8
27 34 -5
27 35 9
27 36 3
27 37 2
27 38 -9
27 39 8
27 41 3
27 42 8
27 43 -4
27 44 -1
27 45 -4
27 46 4
27 47 -8
27 48 -7
27 49 -2
27 50 4
27 51 -9
27 52 4
27 53 4
27 54 -8
27 55 -3
27 56 8
27 58 -6
27 60 8
27 61 7
27 62 2
27 63 -4
28 0 9
28 1 4
28 2 9
28 3 -3
28 4 -7
28 5 7
28 6 -3
28 7 -10
28 8 -7
28 9 -7
28 10 -4
28 11 7
28 12 -2
28 13 -10
28 14 6
28 15 -10
28 16 10
28 17 -6
28 18 6
28 19 9
28 20 10
28 21 -1
28 22 -5
28 23 -10
28 24 2
28 25 1
28 26 9
28 27 -2
28 28 7
28 29 8
28 30 9
28 32 -6
28 33 9
28 34 2
28 35 -4
28 36 -6
28 37 7
28 38 3
28 39 3
28 40 3
28 41 7
28 42 7
28 43 -8
28 44 -3
28 45 3
28 46 3
28 47 -6
28 48 9
28 49 -5
28 50 -8
28 52 10
28 54 2
28 55 8
28 56 -5
28 57 -4
28 58 9
28 59 10
28 60 3
28 61 -6
28 62 -2
28 63 4
29 0 3
29 1 7
29 2 -6
29 3 7
29 4 2
29 5 -10
29 6 1
29 7 -3
29 9 8
29 10 1
29 11 10
29 12 -2
29 13 7
29 14 -6
29 15 4
29 16 6
29 17 -4
29 18 1
29 19 6
29 20 4
29 21 -3
29 22 9
29 23 -1
29 24 3
29 25 -8
29 26 -5
29 27 9
29 29 -8
29 30 -9
29 31 6
29 32 -6
29 33 -7
29 34 6
29 35 5
29 36 -6
29 37 -2
29 38 -8
29 39 2
29 41 -8
29 42 10
29 43 4
29 44 3
29 45 8
29 46 -4
29 47 3
29 48 -8
29 50 5
29 51 -9
29 52 -6
29 53 4
29 54 -8
29 55 2
29 56 -1
29 57 -7
29 58 4
29 59 -9
29 60 6
29 61 -6
29 62 6
29 63 4
30 0 -5
30 1 3
30 2 5
30 3 -3
30 4 5
30 5 -1
30 6 7
30 7 -5
30 8 -10
30 9 -9
30 10 -6
30 11 10
30 12 -10
30 13 10
30 14 2
30 15 7
30 16 10
30 18 -1
30 19 9
30 20 -8
30 21 -3
30 22 -7
30 23 -1
30 24 -2
30 25 8
30 26 -6
30 27 2
30 28 7
30 29 -10
30 30 8
30 31 5
30 32 9
30 33 -6
30 34 -10
30 35 7
30 36 -10
30 37 7
30 38 6
30 39 -8
30 40 9
30 41 -10
30 42 2
30 43 7
30 44 3
30 45 -5
30 46 4
30 47 -6
30 48 -7
30 49 -2
30 50 -7
30 51 -4
30 52 8
30 53 -9
30 54 -8
30 55 -8
30 56 -4
30 57 -2
30 58 1
30 59 8
30 60 6
30 61 -1
30 62 -10
30 63 -3
31 0 -5
31 1 -2
31 2 -7
31 3 -10
31 4 5
31 5 -3
31 6 -3
31 7 -7
31 8 -10
31 9 9
31 10 -5
31 11 -6
31 13 5
31 14 9
31 15 5
31 16 3
31 17 -10
31 18 7
31 19 -6
31 20 -9
31 21 1
31 22 -4
31 23 -7
31 24 9
31 25 -8
31 26 -5
31 28 -8
31 29 -7
31 30 -3
31 31 -10
31 32 5
31 33 3
31 34 -10
31 35 -4
31 36 -1
31 37 9
31 38 9
31 39 10
31 40 -5
31 41 3
31 42 -2
31 43 4
31 44 -1
31 45 5
31 46 -10
31 47 9
31 48 5
31 49 -8
31 50 -3
31 51 5
31 52 -3
31 53 -6
31 54 8
31 55 -7
31 56 -3
31 57 -8
31 58 2
31 59 8
31 60 8
31 61 8
31 63 10
32 0 -4
32 1 -3
32 2 2
32 3 1
32 4 -5
32 5 -2
32 6 -5
32 7 2
32 8 9
32 9 -6
32 10 10
32 11 -3
32 12 7
32 13 -4
32 14 9
32 15 -1
32 16 4
32 17 -5
32 18 -1
32 19 4
32 20 6
32 21 -6
32 22 -3
32 23 -5
32 24 9
32 25 6
32 26 -6
32 27 -4
32 28 -7
32 29 -3
32 30 5
32 31 3
32 32 2
32 33 7
32 34 3
32 35 -2
32 36 -6
32 37 9
32 38 8
32 39 -5
32 40 -7
32 41 -8
32 42 7
32 43 -7
32 44 -4
32 45 -5
32 46 5
32 47 6
32 48 -3
32 49 5
32 50 -6
32 52 -1
32 53 -8
32 54 -4
32 55 8
32 56 -4
32 57 10
32 58 -7
32 59 -2
32 61 -7
32 62 1
32 63 -4
33 0 2
33 1 -7
33 2 -1
33 3 -9
33 4 -8
33 5 10
33 6 8
33 7 3
33 8 -9
33 9 2
33 10 4
33 11 9
33 12 -5
33 13 2
33 14 -6
33 15 -3
33 16 3
33 17 4
33 18 -6
33 19 -2
33 20 10
33 21 2
33 22 9
33 23 -4
33 24 -2
33 25 3
33 26 -1
33 27 1
33 28 6
33 29 -8
33 30 -8
33 31 -4
33 32 -3
33 33 10
33 34 -4
33 35 9
33 36 3
33 37 -1
33 38 8
33 39 9
33 40 8
33 41 -7
33 42 -5
33 43 10
33 44 -2
33 45 -5
33 46 -1
33 47 4
33 48 -1
33 49 1
33 50 8
33 51 -5
33 52 5
33 53 -2
33 54 -7
33 56 3
33 57 8
33 58 1
33 59 2
33 60 -10
33 61 3
33 62 -2
33 63 -4
34 0 -5
34 1 -3
34 2 7
34 3 3
34 4 5
34 5 -3
34 6 -8
34 7 3
34 8 -3
34 10 -1
34 11 -8
34 13 -3
34 14 -9
34 15 2
34 16 -7
34 17 3
34 18 -6
34 19 6
34 20 3
34 21 -5
34 22 4
34 23 6
34 24 2
34 26 -9
34 27 8
34 28 10
34 29 9
34 30 3
34 31 9
34 32 9
34 33 -10
34 34 -1
34 35 10
34 36 2
34 37 -3
34 38 8
34 39 -2
34 40 -9
34 41 -3
34 42 -3
34 43 -3
34 44 -4
34 45 8
34 46 -3
34 47 -3
34 48 4
34 49 -2
34 50 1
34 51 7
34 53 6
34 54 9
34 55 -6
34 56 -9
34 57 7
34 58 10
34 59 5
34 61 7
34 62 -10
34 63 -3
35 0 -7
35 1 -5
35 2 -1
35 3 2
35 4 -5
35 5 7
35 6 7
35 7 -4
35 8 -2
35 9 -9
35 10 -6
35 11 -10
35 12 -10
35 13 2
35 14 -1
35 15 -9
35 16 3
35 17 5
35 18 -3
35 19 3
35 20 -10
35 22 3
35 23 5
35 24 -2
35 25 5
35 26 9
35 27 -1
35 28 1
35 29 -7
35 30 10
35 31 7
35 32 -6
35 33 6
35 34 -8
35 35 -5
35 36 2
35 37 -1
35 38 -9
35 39 5
35 40 10
35 41 8
35 43 -3
35 44 -9
35 45 -8
35 46 6
35 47 -8
35 48 -2
35 49 7
35 50 -5
35 51 -2
35 52 7
35 53 -6
35 54 7
35 55 -9
35 56 10
35 58 -6
35 59 -8
35 60 -2
35 61 -2
35 62 10
35 63 -10
36 1 4
36 2 -8
36 3 7
36 4 3
36 5 5
36 6 -3
36 7 3
36 9 6
36 10 1
36 12 -8
36 13 2
36 14 -6
36 15 -6
36 16 3
36 17 1
36 18 9
36 19 -1
36 20 2
36 21 9
36 23 10
36 24 -10
36 25 -10
36 26 -5
36 27 4
36 29 -8
36 30 1
36 31 -9
36 32 6
36 33 -7
36 34 2
36 35 -2
36 36 -1
36 37 -8
36 38 2
36 39 6
36 40 4
36 41 6
36 42 -10
36 43 -9
36 44 -6
36 45 -10
36 46 4
36 47 -2
36 48 6
36 49 -3
36 50 -4
36 51 6
36 52 8
36 53 -6
36 54 7
36 55 -3
36 56 6
36 57 10
36 58 -9
36 59 -9
36 60 -9
36 61 -1
36 62 -5
36 63 -7
37 0 -10
37 1 7
37 2 -3
37 3 4
37 4 3
37 5 2
37 6 -10
37 7 -9
37 8 2
37 9 -5
37 10 -4
37 11 1
37 12 4
37 13 6
37 14 4
37 15 10
37 16 -9
37 17 -3
37 18 -1
37 19 1
37 20 -7
37 21 7
37 22 -1
37 23 3
37 24 -5
37 25 3
37 26 7
37 27 -8
37 28 4
37 29 10
37 30 9
37 31 2
37 32 -2
37 33 10
37 34 10
37 35 1
37 36 -8
37 37 -6
37 38 -4
37 39 -4
37 40 -7
37 41 -8
37 42 -3
37 43 -10
37 44 9
37 45 -7
37 46 -3
37 47 1
37 48 6
37 49 -2
37 50 -5
37 51 -7
37 52 8
37 53 -5
37 54 3
37 55 4
37 56 -9
37 58 1
37 59 -9
37 60 -8
37 61 -4
37 62 2
37 63 3
38 0 -9
38 1 4
38 2 6
38 3 5
38 5 6
38 6 -6
38 7 8
38 8 10
38 9 -4
38 10 9
38 11 -8
38 12 5
38 13 -6
38 14 -10
38 15 -3
38 16 -9
38 17 -8
38 18 -9
38 19 1
38 20 7
38 21 -8
38 22 5
38 23 1
38 24 4
38 25 -7
38 26 -4
38 27 -10
38 28 5
38 29 7
38 30 -6
38 31 -2
38 32 4
38 33 6
38 34 -9
38 35 -7
38 36 -8
38 37 1
38 39 -9
38 40 10
38 42 -8
38 43 -3
38 44 -1
38 45 5
38 46 -10
38 47 2
38 48 -8
38 49 4
38 51 -3
38 52 7
38 53 -7
38 54 9
38 55 6
38 56 8
38 57 6
38 58 -2
38 59 -6
38 60 5
38 62 -5
38 63 -5
39 0 -2
39 1 8
39 2 -8
39 3 -10
39 4 -4
39 5 6
39 6 10
39 7 3
39 8 -4
39 9 -9
39 10 7
39 11 -6
39 12 -8
39 13 -4
39 14 -4
39 15 1
39 16 -3
39 17 -4
39 18 -9
39 19 -10
39 20 -8
39 21 -4
39 22 3
39 23 9
39 24 10
39 25 -3
39 26 10
39 27 10
39 28 8
39 29 6
39 30 -10
39 31 -9
39 32 -3
39 33 9
39 34 2
39 35 2
39 36 -7
39 37 -3
39 38 2
39 39 -8
39 40 -9
39 41 -10
39 42 -4
39 43 -5
39 45 -3
39 46 -8
39 47 1
39 48 4
39 49 -1
39 50 7
39 51 4
39 52 -6
39 53 8
39 54 2
39 55 -9
39 56 -6
39 57 4
39 58 -5
39 59 -2
39 60 2
39 61 -3
39 62 3
39 63 9
40 0 -5
40 1 10
40 2 -6
40 3 -2
40 4 -8
40 5 5
40 6 7
40 7 -1
40 8 -6
40 9 3
40 10 -2
40 11 -1
40 12 6
40 13 -5
40 14 -4
40 15 -10
40 16 2
40 17 -10
40 18 3
40 19 -6
40 20 -4
40 21 -4
40 22 -3
40 23 9
40 24 9
40 25 -9
40 26 -6
40 27 -3
40 28 6
40 29 -10
40 30 6
40 31 -10
40 32 -1
40 33 3
40 34 -5
40 35 8
40 36 -4
40 37 -9
40 38 4
40 39 8
40 40 1
40 42 -3
40 43 4
40 44 9
40 45 -8
40 46 -9
40 48 9
40 50 10
40 51 2
40 52 3
40 53 8
40 54 7
40 55 1
40 56 -7
40 57 -10
40 58 -10
40 59 5
40 60 -6
40 61 -1
40 62 6
41 0 -8
41 1 6
41 2 -1
41 3 -1
41 4 3
41 5 6
41 6 1
41 7 6
41 8 5
41 10 -3
41 11 -1
41 12 2
41 13 -4
41 14 -8
41 15 7
41 16 8
41 17 -3
41 18 -4
41 19 -9
41 20 8
41 21 -10
41 22 10
41 23 -1
41 24 8
41 25 9
41 26 6
41 28 -4
41 29 4
41 30 -6
41 31 9
41 33 -8
41 34 -6
41 35 9
41 36 1
41 37 5
41 38 8
41 39 8
41 40 7
41 41 2
41 42 2
41 43 -10
41 44 -7
41 45 6
41 46 2
41 47 5
41 48 2
41 49 -3
41 50 -5
41 51 9
41 52 2
41 53 9
41 54 5
41 55 -3
41 56 -5
41 57 -1
41 58 -1
41 59 -7
41 60 -2
41 61 -1
41 62 -1
41 63 5
42 0 5
42 1 7
42 2 -3
42 3 -6
42 4 10
42 5 -6
42 6 3
42 7 -1
42 8 -4
42 9 8
42 10 -3
42 11 -7
42 12 -3
42 13 1
42 14 5
42 15 -6
42 16 -10
42 17 10
42 18 2
42 19 5
42 20 7
42 21 -2
42 22 5
42 23 -4
42 24 -9
42 25 -5
42 26 3
42 27 -10
42 28 -4
42 29 -1
42 30 4
42 31 -2
42 32 -4
42 33 8
42 34 10
42 35 2
42 36 6
42 37 -6
42 38 2
42 39 3
42 40 -5
42 41 -10
42 42 4
42 43 7
42 44 -8
42 45 7
42 46 -5
42 47 -9
42 48 6
42 49 4
42 51 -6
42 52 4
42 53 3
42 54 -8
42 55 -8
42 56 -9
42 57 5
42 58 -1
42 59 1
42 60 3
42 61 -1
42 62 5
42 63 9
43 0 1
43 1 8
43 2 -7
43 3 9
43 4 8
43 5 4
43 6 -6
43 7 -2
43 8 -2
43 9 -5
43 10 9
43 11 -4
43 12 2
43 13 4
43 14 3
43 15 -6
43 16 -9
43 17 -8
43 18 5
43 19 -2
43 20 -3
43 21 -7
43 22 -10
43 23 2
43 25 -5
43 26 8
43 27 -9
43 28 -2
43 29 1
43 30 6
43 31 -9
43 32 8
43 33 -7
43 34 9
43 35 -6
43 36 9
43 37 5
43 38 -3
43 39 5
43 40 3
43 41 9
43 42 -2
43 43 -10
43 44 8
43 45 5
43 46 4
43 47 -5
43 48 1
43 49 -5
43 50 2
43 51 5
43 52 6
43 53 3
43 55 -10
43 56 8
43 57 -8
43 58 -1
43 59 4
43 60 -5
43 61 -8
43 62 7
43 63 1
44 0 7
44 1 1
44 2 7
44 3 -10
44 4 -5
44 5 -3
44 6 10
44 7 2
44 8 -6
44 9 -7
44 10 7
44 11 -6
44 12 -4
44 13 -2
44 14 1
44 15 -1
44 16 4
44 17 5
44 18 9
44 19 3
44 20 1
44 21 -3
44 23 -9
44 24 -4
44 25 1
44 26 -4
44 27 9
44 28 -4
44 29 7
44 30 3
44 32 10
44 33 6
44 34 -6
44 35 10
44 36 -8
44 37 8
44 38 -3
44 39 -1
44 40 -3
44 41 -10
44 42 -10
44 43 -4
44 44 -3
44 45 6
44 46 -6
44 47 -5
44 48 1
44 49 7
44 50 4
44 51 -4
44 53 5
44 54 -6
44 55 3
44 56 9
44 57 -6
44 58 7
44 59 7
44 60 6
44 61 -8
44 62 -1
44 63 1
45 0 -3
45 1 -8
45 2 7
45 3 2
45 4 3
45 5 3
45 6 7
45 7 1
45 8 -3
45 9 4
45 10 4
45 11 4
45 12 -10
45 13 6
45 14 -10
45 15 -9
45 16 2
45 17 10
45 18 7
45 19 -8
45 20 5
45 21 4
45 22 7
45 23 -10
45 24 4
45 25 5
45 26 4
45 27 -2
45 28 8
45 29 8
45 30 -7
45 31 8
45 32 -9
45 33 4
45 34 4
45 35 7
45 36 4
45 37 -8
45 38 -1
45 40 3
45 41 -2
45 42 3
45 43 1
45 44 -3
45 45 -7
45 46 -10
45 47 -3
45 49 -2
45 50 7
45 51 4
45 52 6
45 53 4
45 54 7
45 55 -10
45 56 2
45 57 -7
45 58 5
45 59 10
45 60 -9
45 61 -9
45 62 9
45 63 -5
46 0 -6
46 1 -10
46 2 2
46 3 -10
46 4 -5
46 5 -6
46 6 7
46 7 -8
46 8 -7
46 9 -6
46 10 9
46 11 1
46 12 6
46 13 5
46 14 -3
46 15 10
46 16 3
46 17 6
46 18 -3
46 19 6
46 20 6
46 21 -5
46 22 -7
46 23 3
46 24 -9
46 26 -3
46 27 4
46 28 -9
46 29 10
46 30 1
46 31 2
46 32 4
46 33 10
46 34 -2
46 35 -4
46 37 5
46 38 -1
46 39 -6
46 40 5
46 41 -2
46 42 -2
46 43 -2
46 44 7
46 45 4
46 46 3
46 47 9
46 48 -4
46 49 -3
46 50 9
46 51 4
46 52 10
46 53 4
46 54 10
46 56 2
46 57 9
46 58 2
46 60 8
46 61 8
46 62 -8
46 63 6
47 0 1
47 1 -6
47 2 7
47 3 6
47 4 -1
47 5 3
47 6 -2
47 7 -9
47 8 -6
47 9 -1
47 10 -8
47 11 -3
47 12 3
47 13 7
47 14 -7
47 15 -4
47 16 9
47 17 -7
47 18 4
47 19 5
47 20 3
47 21 3
47 22 3
47 23 -10
47 24 1
47 25 -3
47 26 -4
47 28 -4
47 29 -6
47 30 -1
47 31 5
47 32 -7
47 33 -3
47 34 -1
47 35 10
47 37 1
47 38 -10
47 39 8
47 40 -3
47 41 -1
47 42 -3
47 43 -5
47 44 2
47 45 6
47 46 10
47 47 10
47 51 -4
47 52 3
47 53 -2
47 54 9
47 55 4
47 56 -6
47 57 9
47 58 -4
47 59 -8
47 60 6
47 61 -7
47 62 4
47 63 -4
48 0 10
48 1 -9
48 2 2
48 3 10
48 4 10
48 5 -7
48 6 -1
48 7 1
48 8 -2
48 9 -6
48 10 10
48 11 6
48 12 -6
48 13 -6
48 14 -10
48 15 3
48 16 -7
48 17 6
48 18 5
48 19 -2
48 21 -2
48 22 8
48 23 2
48 24 -6
48 25 10
48 26 -10
48 27 -4
48 28 10
48 29 10
48 30 -5
48 31 5
48 32 -1
48 33 2
48 34 4
48 35 6
48 36 -1
48 37 -7
48 38 6
48 39 9
48 40 2
48 41 -10
48 42 6
48 44 -1
48 45 8
48 46 -2
48 47 7
48 48 -4
48 49 -7
48 52 -9
48 53 1
48 54 3
48 55 2
48 56 -4
48 57 1
48 58 1
48 59 -3
48 60 10
48 61 -3
48 62 1
48 63 -6
49 0 -6
49 1 -7
49 2 -5
49 3 3
49 4 -10
49 5 3
49 6 -2
49 8 3
49 9 -5
49 10 -2
49 11 9
49 12 -2
49 13 9
49 14 -6
49 15 -7
49 16 9
49 17 9
49 18 -5
49 20 -3
49 21 3
49 22 -4
49 23 2
49 24 -5
49 25 -4
49 26 5
49 27 6
49 28 -10
49 29 9
49 30 -5
49 31 9
49 32 -5
49 33 3
49 34 1
49 35 1
49 36 10
49 37 -6
49 38 -5
49 39 9
49 40 6
49 41 -7
49 42 -6
49 43 -9
49 44 -10
49 45 4
49 46 -9
49 47 2
49 48 -3
49 49 -6
49 50 1
49 51 6
49 52 -3
49 53 7
49 54 -9
49 55 -4
49 56 -7
49 57 -3
49 58 -10
49 59 9
49 60 1
49 61 10
49 62 -5
49 63 10
50 0 2
50 1 -3
50 2 1
50 3 5
50 4 7
50 5 -10
50 6 4
50 7 7
50 8 10
50 9 9
50 10 7
50 12 7
50 13 -2
50 14 -10
50 15 3
50 16 -10
50 17 -3
50 18 -8
50 19 -1
50 20 5
50 21 -5
50 22 2
50 23 -3
50 24 6
50 25 1
50 26 1
50 27 -8
50 28 -3
50 29 4
50 30 10
50 31 -3
50 32 -5
50 33 7
50 34 -1
50 35 -10
50 36 6
50 37 6
50 38 -10
50 39 7
50 41 -9
50 43 6
50 44 4
50 45 10
50 46 -6
50 47 3
50 48 2
50 49 2
50 50 -2
50 51 6
50 52 3
50 53 10
50 54 1
50 55 8
50 56 4
50 57 3
50 58 -5
50 59 -2
50 60 -6
50 61 -4
50 62 7
50 63 9
51 0 6
51 1 10
51 2 -7
51 3 -6
51 4 5
51 5 -6
51 6 -10
51 7 -5
51 8 3
51 9 -6
51 10 -5
51 11 -6
51 12 -9
51 13 2
51 14 7
51 16 -9
51 17 5
51 20 -9
51 21 5
51 22 9
51 23 4
51 24 -1
51 25 -1
51 26 9
51 27 -2
51 28 7
51 29 -10
51 30 -6
51 31 -4
51 32 8
51 33 9
51 34 5
51 35 10
51 36 2
51 37 1
51 38 -1
51 40 -1
51 41 -10
51 42 -1
51 43 9
51 45 -4
51 46 1
51 47 -4
51 48 5
51 49 6
51 50 -3
51 51 -2
51 52 1
51 53 5
51 55 8
51 56 -8
51 57 -10
51 58 -9
51 59 4
51 60 5
51 61 -3
51 62 -3
51 63 -3
52 0 6
52 1 -8
52 3 -9
52 4 -8
52 5 -10
52 6 5
52 7 -3
52 9 9
52 10 6
52 11 -2
52 12 10
52 13 8
52 14 6
52 15 -5
52 16 -2
52 17 3
52 18 5
52 19 2
52 20 -5
52 21 3
52 22 5
52 23 1
52 24 2
52 26 9
52 27 8
52 28 -2
52 29 1
52 30 1
52 31 -7
52 33 3
52 34 7
52 35 4
52 36 -7
52 37 -4
52 38 -4
52 39 6
52 40 2
52 41 -9
52 42 8
52 46 -3
52 47 -6
52 48 -2
52 49 -3
52 50 -10
52 51 1
52 52 -10
52 53 -2
52 54 -3
52 55 5
52 56 -5
52 57 7
52 58 -10
52 59 8
52 60 8
52 61 -1
52 62 -4
52 63 8
53 0 -1
53 1 6
53 2 9
53 3 10
53 4 -9
53 5 7
53 6 1
53 7 -9
53 8 8
53 9 -3
53 10 -9
53 11 -1
53 12 -5
53 13 -10
53 14 -10
53 15 8
53 16 10
53 18 -10
53 19 2
53 20 8
53 22 10
53 23 -6
53 24 5
53 25 -5
53 26 -10
53 27 -3
53 28 6
53 29 5
53 30 1
53 31 9
53 32 -6
53 33 -7
53 34 -7
53 35 -7
53 36 -1
53 37 4
53 38 -9
53 39 -7
53 40 -10
53 41 -1
53 42 -6
53 43 9
53 44 8
53 45 -2
53 46 8
53 47 2
53 48 -6
53 49 6
53 50 -3
53 51 2
53 52 -6
53 53 5
53 54 6
53 55 9
53 56 4
53 58 -4
53 59 -10
53 60 8
53 61 3
53 62 -5
53 63 9
54 0 10
54 1 1
54 2 -4
54 3 1
54 4 5
54 5 -3
54 6 7
54 7 -2
54 8 8
54 9 5
54 10 -2
54 11 9
54 12 -3
54 13 -2
54 14 8
54 15 3
54 16 10
54 17 1
54 18 10
54 19 -6
54 20 8
54 21 -4
54 22 -6
54 23 -3
54 24 6
54 25 -2
54 26 -1
54 27 2
54 28 -5
54 29 -9
54 30 4
54 31 2
54 32 -9
54 33 -1
54 34 2
54 35 -10
54 36 10
54 37 6
54 38 1
54 39 7
54 40 -3
54 41 -3
54 42 -7
54 43 3
54 44 8
54 45 -9
54 46 -9
54 47 10
54 48 3
54 49 2
54 52 3
54 53 -4
54 54 -9
54 55 -6
54 56 6
54 57 5
54 58 -9
54 59 3
54 60 4
54 61 7
54 62 -4
55 1 6
55 2 -5
55 3 6
55 4 8
55 5 -5
55 6 10
55 7 -1
55 8 3
55 9 7
55 10 -2
55 11 -10
55 12 5
55 13 -1
55 14 -7
55 16 10
55 17 -4
55 18 5
55 19 -4
55 20 -4
55 21 9
55 22 -2
55 23 2
55 24 6
55 25 -9
55 26 -7
55 27 -10
55 28 -5
55 29 5
55 30 5
55 31 6
55 32 7
55 33 2
55 34 -6
55 35 4
55 36 3
55 37 -9
55 38 -5
55 39 1
55 40 -5
55 41 -10
55 42 9
55 43 -1
55 44 4
55 45 -5
55 46 -4
55 47 10
55 48 3
55 49 -8
55 50 3
55 51 7
55 52 -6
55 53 4
55 54 9
55 55 -2
55 56 -5
55 57 5
55 58 8
55 59 4
55 60 -2
55 61 -8
55 62 -4
55 63 6
56 0 -9
56 1 4
56 2 6
56 3 8
56 4 1
56 5 5
56 6 3
56 7 6
56 8 2
56 9 4
56 10 1
56 11 -5
56 12 -7
56 13 -4
56 14 10
56 15 3
56 16 3
56 17 6
56 18 7
56 19 2
56 20 5
56 21 7
56 22 10
56 23 -3
56 24 -5
56 25 -2
56 26 -10
56 27 10
56 28 -2
56 29 9
56 30 3
56 31 7
56 32 -7
56 33 1
56 36 -10
56 37 -3
56 38 9
56 39 -10
56 40 -7
56 41 -8
56 42 -5
56 43 8
56 44 1
56 45 -9
56 46 1
56 47 -2
56 48 -1
56 49 3
56 50 -3
56 51 3
56 52 -7
56 53 2
56 54 6
56 55 -2
56 56 8
56 57 -5
56 59 -2
56 60 9
56 61 -2
56 62 -1
57 1 7
57 2 -9
57 3 -8
57 4 5
57 5 -1
57 6 -10
57 7 7
57 8 -5
57 9 1
57 10 -4
57 11 -10
57 12 8
57 13 7
57 14 -2
57 15 -7
57 16 -2
57 17 5
57 18 -2
57 19 2
57 20 -2
57 21 -10
57 22 1
57 23 -9
57 24 -7
57 25 5
57 26 -8
57 27 -5
57 28 -5
57 30 8
57 31 -1
57 32 8
57 33 -7
57 34 5
57 35 -9
57 36 5
57 37 -5
57 38 6
57 39 -8
57 40 -10
57 41 -6
57 42 -7
57 43 -2
57 44 1
57 46 -4
57 47 -8
57 48 -2
57 49 3
57 50 -9
57 51 4
57 52 -7
57 53 -1
57 54 6
57 55 -10
57 56 9
57 57 -5
57 58 6
57 59 -9
57 60 -2
57 63 -2
58 0 -8
58 2 9
58 3 -3
58 4 -10
58 5 -10
58 6 -5
58 7 -2
58 8 -4
58 9 -8
58 10 1
58 11 -4
58 12 -10
58 13 -5
58 14 4
58 15 8
58 16 -6
58 17 3
58 18 10
58 19 -5
58 20 -4
58 21 3
58 22 -6
58 23 -1
58 25 -2
58 26 -7
58 27 -4
58 28 -3
58 29 -8
58 30 10
58 31 6
58 32 -9
58 33 -6
58 34 -9
58 35 8
58 37 2
58 38 -10
58 39 -4
58 40 3
58 41 10
58 42 -4
58 43 -7
58 44 -10
58 45 1
58 46 10
58 47 9
58 48 -5
58 49 1
58 50 7
58 51 -4
58 52 9
58 54 -7
58 55 -9
58 56 -8
58 57 -7
58 58 1
58 59 2
58 60 -2
58 61 6
58 62 2
58 63 -6
59 0 -10
59 1 -1
59 2 5
59 3 -1
59 4 6
59 5 10
59 6 3
59 7 -4
59 8 1
59 9 8
59 10 -10
59 11 4
59 12 3
59 13 -7
59 14 -5
59 15 6
59 16 -10
59 17 1
59 18 -4
59 20 7
59 21 -6
59 22 8
59 23 1
59 24 -8
59 25 3
59 26 -1
59 27 -6
59 28 4
59 29 -3
59 30 -10
59 31 -9
59 32 -7
59 33 -8
59 34 -8
59 35 7
59 36 -1
59 37 -7
59 38 6
59 39 6
59 40 10
59 41 -5
59 42 -6
59 43 -6
59 44 3
59 45 8
59 46 9
59 47 5
59 48 2
59 50 6
59 51 8
59 52 -10
59 53 6
59 54 -8
59 55 -7
59 56 7
59 57 -10
59 58 10
59 59 -1
59 60 7
59 61 9
59 62 8
59 63 -3
60 0 -9
60 1 -1
60 2 3
60 3 5
60 4 -6
60 5 -3
60 6 -9
60 7 1
60 8 4
60 9 1
60 10 -7
60 11 6
60 12 7
60 13 -7
60 14 6
60 15 9
60 16 4
60 17 -2
60 18 -4
60 19 6
60 20 -8
60 21 -6
60 22 -5
60 24 4
60 25 1
60 27 -5
60 28 7
60 29 7
60 30 10
60 31 -2
60 32 -4
60 33 -10
60 34 -7
60 35 -5
60 36 10
60 37 -2
60 38 -10
60 39 -4
60 40 -2
60 41 7
60 42 2
60 43 -10
60 44 6
60 45 -2
60 46 -1
60 47 9
60 48 2
60 49 -6
60 50 -1
60 51 6
60 52 -8
60 53 10
60 54 -10
60 55 -2
60 56 -10
60 57 5
60 58 -9
60 59 9
60 60 -9
60 61 8
60 62 -8
60 63 2
61 0 -3
61 1 -7
61 2 9
61 3 -5
61 4 1
61 6 -1
61 7 6
61 8 8
61 9 -8
61 10 -5
61 11 7
61 12 -2
61 13 -8
61 14 6
61 15 -4
61 16 -4
61 17 -4
61 18 -10
61 20 -8
61 21 -8
61 22 -10
61 23 1
61 24 -4
61 25 2
61 26 -1
61 27 4
61 28 -9
61 29 7
61 30 10
61 31 -8
61 32 -6
61 33 10
61 34 -8
61 35 7
61 36 7
61 37 6
61 38 1
61 39 7
61 40 7
61 41 1
61 42 -3
61 43 10
61 44 6
61 45 10
61 46 -6
61 47 -10
61 48 -9
61 49 -10
61 50 5
61 51 -8
61 52 -9
61 53 -9
61 54 5
61 55 -6
61 56 6
61 58 1
61 59 7
61 60 -1
61 61 1
61 62 -9
61 63 2
62 0 -6
62 1 1
62 2 -5
62 3 -2
62 4 7
62 5 -4
62 6 -8
62 7 -2
62 8 5
62 9 6
62 10 2
62 12 -10
62 13 -8
62 14 -10
62 15 1
62 16 3
62 17 10
62 18 -8
62 19 8
62 20 -6
62 21 -7
62 22 7
62 23 -9
62 24 -5
62 25 7
62 26 3
62 27 -9
62 28 6
62 29 6
62 30 9
62 31 4
62 32 10
62 33 -3
62 34 -10
62 35 -2
62 36 1
62 37 -6
62 38 -7
62 39 6
62 40 -9
62 41 5
62 42 1
62 43 -10
62 45 -7
62 46 -8
62 47 -5
62 48 -10
62 49 2
62 50 -5
62 51 -5
62 52 -7
62 53 -8
62 54 10
62 55 -1
62 56 -5
62 57 -8
62 58 9
62 59 -10
62 61 4
62 62 5
62 63 -7
63 0 4
63 2 10
63 3 10
63 4 5
63 5 -9
63 6 6
63 8 3
63 9 5
63 10 4
63 11 6
63 12 -9
63 13 -3
63 14 -5
63 15 6
63 16 -4
63 17 -2
63 18 2
63 19 -8
63 20 6
63 21 -5
63 22 -3
63 23 -2
63 24 -6
63 25 -2
63 26 7
63 27 10
63 28 -3
63 29 -2
63 30 7
63 31 -2
63 32 -7
63 33 2
63 34 4
63 35 1
63 36 4
63 37 -2
63 38 -10
63 39 -2
63 40 -4
63 41 9
63 42 -10
63 43 7
63 44 1
63 45 7
63 46 1
63 48 9
63 49 -8
63 50 -9
63 51 7
63 52 5
63 53 -10
63 54 8
63 55 -6
63 56 -9
63 57 -7
63 58 3
63 59 5
63 60 -9
63 61 9
63 62 8
63 63 -5
